날짜,스크린수,스크린점유율,상영횟수,상영점유율,좌석수,좌석점유율,좌석판매율,매출액,매출액증감(전일대비),관객수,관객수증감(전일대비),누적매출액,누적관객수,순위
2016-12-20,1,0.0%,1,0%,284,0.0%,100.0%,2272000,2272000 ( 100.0% ),284,284 ( 100.0% ),2272000,284,28
2016-12-21,3,0.1%,3,0%,698,0.0%,100.0%,5584000,3312000 ( 145.8% ),698,414 ( 145.8% ),7856000,982,16
2016-12-28,4,0.1%,4,0%,1353,0.1%,100.0%,10824000,10824000 ( 100.0% ),1353,1353 ( 100.0% ),18680000,2335,14
2016-12-30,1,0.0%,1,0%,255,0.0%,100.0%,2550000,2550000 ( 100.0% ),255,255 ( 100.0% ),21230000,2590,32
2016-12-31,275,4.6%,348,2%,54899,1.9%,62.2%,293957000,291407000 ( 11427.7% ),34173,33918 ( 13301.2% ),315187000,36763,6
2017-01-01,275,4.7%,342,2%,54031,2.0%,69.3%,325811500,31854500 ( 10.8% ),37418,3245 ( 9.5% ),640998500,74181,6
2017-01-02,1,0.0%,1,0%,184,0.0%,31.5%,459000,-325352500 ( -99.9% ),58,-37360 ( -99.8% ),641457500,74239,42
2017-01-04,555,9.3%,2176,12.6%,365202,13.0%,37.8%,1032712400,1032712400 ( 100.0% ),138028,138028 ( 100.0% ),1674169900,212267,1
2017-01-05,780,12.6%,2771,16.1%,467852,16.6%,28.3%,1003477000,-29235400 ( -2.8% ),132463,-5565 ( -4.0% ),2677646900,344730,1
2017-01-06,907,14.3%,3320,18.8%,586910,20.4%,28.9%,1430176183,426699183 ( 42.5% ),169402,36939 ( 27.9% ),4107823083,514132,1
2017-01-07,933,14.4%,4061,22.2%,765972,25.5%,43.8%,2828380459,1398204276 ( 97.8% ),335325,165923 ( 97.9% ),6936203542,849457,1
2017-01-08,947,14.6%,4101,23%,772320,26.4%,43.1%,2809088900,-19291559 ( -0.7% ),333008,-2317 ( -0.7% ),9745292442,1182465,1
2017-01-09,801,13.7%,3882,22.9%,760815,27.2%,20.3%,1178187800,-1630901100 ( -58.1% ),154781,-178227 ( -53.5% ),10923480242,1337246,1
2017-01-10,805,13.3%,3901,22.9%,762439,27.2%,19.8%,1141877500,-36310300 ( -3.1% ),150777,-4004 ( -2.6% ),12065357742,1488023,1
2017-01-11,740,13.3%,3782,22.2%,767725,27.3%,18.3%,1062600700,-79276800 ( -6.9% ),140350,-10427 ( -6.9% ),13127958442,1628373,1
2017-01-12,714,12.5%,3356,19.7%,663242,23.5%,18.3%,921887800,-140712900 ( -13.2% ),121478,-18872 ( -13.4% ),14049846242,1749851,1
2017-01-13,759,12.9%,3585,20.5%,718832,24.9%,20.7%,1246387707,324499907 ( 35.2% ),148996,27518 ( 22.7% ),15296233949,1898847,1
2017-01-14,845,13.7%,4049,22.3%,814852,27.2%,35.9%,2462539601,1216151894 ( 97.6% ),292247,143251 ( 96.1% ),17758773550,2191094,1
2017-01-15,842,13.8%,3983,22.6%,803681,27.5%,37.1%,2472059900,9520299 ( 0.4% ),298280,6033 ( 2.1% ),20230833450,2489374,1
2017-01-16,759,13.4%,3685,22.1%,757398,27.5%,12.9%,740590900,-1731469000 ( -70.0% ),97566,-200714 ( -67.3% ),20971424350,2586940,1
2017-01-17,788,13.5%,3687,22.1%,752917,27.2%,12.4%,700870000,-39720900 ( -5.4% ),93300,-4266 ( -4.4% ),21672294350,2680240,1
2017-01-18,573,10.4%,2060,12.1%,297065,10.7%,19.5%,435316300,-265553700 ( -37.9% ),58068,-35232 ( -37.8% ),22107610650,2738308,3
2017-01-19,601,10.6%,2067,12.1%,291528,10.4%,18.3%,400685000,-34631300 ( -8.0% ),53380,-4688 ( -8.1% ),22508295650,2791688,3
2017-01-20,578,10.3%,2063,11.9%,291259,10.3%,19.2%,467773193,67088193 ( 16.7% ),55958,2578 ( 4.8% ),22976068843,2847646,3
2017-01-21,605,10.2%,1947,10.8%,268599,9.2%,39.9%,888981713,421208520 ( 90.0% ),107103,51145 ( 91.4% ),23865050556,2954749,4
2017-01-22,593,10.2%,1866,10.6%,258179,9.0%,37.8%,810785300,-78196413 ( -8.8% ),97603,-9500 ( -8.9% ),24675835856,3052352,4
2017-01-23,558,10.4%,1906,11.4%,268139,9.9%,15.0%,302182700,-508602600 ( -62.7% ),40227,-57376 ( -58.8% ),24978018556,3092579,4
2017-01-24,553,10.0%,1913,11.4%,268878,9.8%,15.4%,308879700,6697000 ( 2.2% ),41488,1261 ( 3.1% ),25286898256,3134067,4
2017-01-25,478,7.9%,1110,6.4%,149015,5.3%,26.3%,239371500,-69508200 ( -22.5% ),39161,-2327 ( -5.6% ),25526269756,3173228,5
2017-01-26,495,8.2%,1131,6.3%,150349,5.2%,26.2%,299673600,60302100 ( 25.2% ),39450,289 ( 0.7% ),25825943356,3212678,5
2017-01-27,529,8.2%,1094,5.9%,145986,4.9%,36.9%,449140500,149466900 ( 49.9% ),53932,14482 ( 36.7% ),26275083856,3266610,5
2017-01-28,499,7.9%,1032,5.7%,132356,4.5%,34.5%,394476500,-54664000 ( -12.2% ),45660,-8272 ( -15.3% ),26669560356,3312270,5
2017-01-29,492,7.5%,1012,5.4%,130503,4.3%,42.2%,464872400,70395900 ( 17.8% ),55061,9401 ( 20.6% ),27134432756,3367331,5
2017-01-30,470,7.2%,956,5.3%,123568,4.2%,47.4%,479910200,15037800 ( 3.2% ),58556,3495 ( 6.3% ),27614342956,3425887,5
2017-01-31,459,7.8%,1080,6.2%,140480,5.0%,20.4%,212287300,-267622900 ( -55.8% ),28695,-29861 ( -51.0% ),27826630256,3454582,5
2017-02-01,425,7.9%,998,6%,131603,4.8%,13.5%,132712800,-79574500 ( -37.5% ),17774,-10921 ( -38.1% ),27959343056,3472356,5
2017-02-02,363,6.7%,770,4.6%,97411,3.5%,13.6%,99014000,-33698800 ( -25.4% ),13249,-4525 ( -25.5% ),28058357056,3485605,6
2017-02-03,379,6.9%,796,4.7%,99908,3.6%,15.1%,124687400,25673400 ( 25.9% ),15053,1804 ( 13.6% ),28183044456,3500658,6
2017-02-04,383,6.4%,743,4.2%,92392,3.2%,30.8%,234927500,110240100 ( 88.4% ),28466,13413 ( 89.1% ),28417971956,3529124,6
2017-02-05,383,6.5%,737,4.2%,89768,3.2%,28.4%,210425700,-24501800 ( -10.4% ),25533,-2933 ( -10.3% ),28628397656,3554657,6
2017-02-06,378,7.4%,765,4.8%,96466,3.7%,9.2%,67759100,-142666600 ( -67.8% ),8883,-16650 ( -65.2% ),28696156756,3563540,6
2017-02-07,376,7.1%,798,4.9%,101293,3.8%,10.0%,74844800,7085700 ( 10.5% ),10175,1292 ( 14.5% ),28771001556,3573715,6
2017-02-08,327,6.5%,632,3.8%,80583,2.9%,11.3%,68245500,-6599300 ( -8.8% ),9140,-1035 ( -10.2% ),28839247056,3582855,8
2017-02-09,149,2.5%,223,1.3%,29767,1.1%,19.2%,43802400,-24443100 ( -35.8% ),5711,-3429 ( -37.5% ),28883049456,3588566,11
2017-02-10,149,2.4%,226,1.3%,28400,1.0%,16.6%,38998100,-4804300 ( -11.0% ),4704,-1007 ( -17.6% ),28922047556,3593270,12
2017-02-11,161,2.4%,228,1.3%,29000,1.0%,41.7%,98820500,59822400 ( 153.4% ),12081,7377 ( 156.8% ),29020868056,3605351,11
2017-02-12,162,2.4%,235,1.3%,29574,1.0%,32.7%,80978200,-17842300 ( -18.1% ),9670,-2411 ( -20.0% ),29101846256,3615021,11
2017-02-13,154,2.6%,228,1.4%,29300,1.1%,12.4%,27091500,-53886700 ( -66.5% ),3639,-6031 ( -62.4% ),29128937756,3618660,12
2017-02-14,151,2.4%,225,1.3%,29255,1.1%,14.0%,30279000,3187500 ( 11.8% ),4106,467 ( 12.8% ),29159216756,3622766,12
2017-02-15,71,1.3%,111,0.7%,14098,0.5%,14.0%,14438000,-15841000 ( -52.3% ),1967,-2139 ( -52.1% ),29173654756,3624733,17
2017-02-16,58,1.0%,82,0.5%,10244,0.4%,14.8%,11304700,-3133300 ( -21.7% ),1520,-447 ( -22.7% ),29184959456,3626253,19
2017-02-17,66,1.1%,94,0.5%,12274,0.4%,17.5%,17917300,6612600 ( 58.5% ),2144,624 ( 41.1% ),29202876756,3628397,17
2017-02-18,68,1.1%,95,0.5%,11412,0.4%,32.8%,31470800,13553500 ( 75.6% ),3743,1599 ( 74.6% ),29234347556,3632140,18
2017-02-19,71,1.1%,102,0.6%,13066,0.4%,26.8%,29732000,-1738800 ( -5.5% ),3507,-236 ( -6.3% ),29264079556,3635647,18
2017-02-20,53,0.9%,81,0.5%,11362,0.4%,13.6%,11503500,-18228500 ( -61.3% ),1547,-1960 ( -55.9% ),29275583056,3637194,18
2017-02-21,54,0.9%,81,0.5%,11039,0.4%,15.2%,12262100,758600 ( 6.6% ),1674,127 ( 8.2% ),29287845156,3638868,19
2017-02-22,27,0.4%,34,0.2%,5461,0.2%,16.5%,5546000,-6716100 ( -54.8% ),903,-771 ( -46.1% ),29293391156,3639771,21
2017-02-23,25,0.4%,31,0.2%,4156,0.1%,14.7%,4548000,-998000 ( -18.0% ),613,-290 ( -32.1% ),29297939156,3640384,28
2017-02-24,23,0.4%,32,0.2%,4466,0.2%,14.3%,5278000,730000 ( 16.1% ),640,27 ( 4.4% ),29303217156,3641024,27
2017-02-25,23,0.3%,31,0.2%,4416,0.1%,23.8%,8388500,3110500 ( 58.9% ),1051,411 ( 64.2% ),29311605656,3642075,28
2017-02-26,26,0.4%,32,0.2%,4603,0.2%,25.0%,9292000,903500 ( 10.8% ),1149,98 ( 9.3% ),29320897656,3643224,26
2017-02-27,21,0.3%,28,0.2%,3944,0.1%,17.3%,4954500,-4337500 ( -46.7% ),682,-467 ( -40.6% ),29325852156,3643906,28
2017-02-28,22,0.3%,29,0.2%,4843,0.2%,17.4%,5799500,845000 ( 17.1% ),841,159 ( 23.3% ),29331651656,3644747,26
2017-03-01,14,0.2%,17,0.1%,2410,0.1%,34.4%,6743000,943500 ( 16.3% ),830,-11 ( -1.3% ),29338394656,3645577,27
2017-03-02,9,0.2%,11,0.1%,1206,0.0%,15.0%,1375000,-5368000 ( -79.6% ),181,-649 ( -78.2% ),29339769656,3645758,37
2017-03-03,11,0.2%,13,0.1%,1598,0.1%,20.5%,2067000,692000 ( 50.3% ),327,146 ( 80.7% ),29341836656,3646085,27
2017-03-04,15,0.2%,18,0.1%,2518,0.1%,27.1%,5106700,3039700 ( 147.1% ),683,356 ( 108.9% ),29346943356,3646768,26
2017-03-05,14,0.2%,18,0.1%,2500,0.1%,27.1%,5431500,324800 ( 6.4% ),677,-6 ( -0.9% ),29352374856,3647445,26
2017-03-06,11,0.2%,14,0.1%,1677,0.1%,6.6%,832000,-4599500 ( -84.7% ),110,-567 ( -83.8% ),29353206856,3647555,38
2017-03-07,11,0.2%,13,0.1%,1502,0.1%,8.1%,927500,95500 ( 11.5% ),122,12 ( 10.9% ),29354134356,3647677,44
2017-03-08,7,0.1%,10,0.1%,1283,0.0%,8.0%,763000,-164500 ( -17.7% ),102,-20 ( -16.4% ),29354897356,3647779,48
2017-03-09,6,0.1%,7,0%,933,0.0%,8.7%,583000,-180000 ( -23.6% ),81,-21 ( -20.6% ),29355480356,3647860,51
2017-03-10,7,0.1%,8,0.1%,1085,0.0%,11.3%,1019000,436000 ( 74.8% ),123,42 ( 51.9% ),29356499356,3647983,40
2017-03-11,7,0.1%,10,0.1%,1429,0.1%,26.2%,3137000,2118000 ( 207.9% ),375,252 ( 204.9% ),29359636356,3648358,32
2017-03-12,8,0.1%,11,0.1%,1551,0.1%,22.6%,2970000,-167000 ( -5.3% ),351,-24 ( -6.4% ),29362606356,3648709,31
2017-03-13,7,0.1%,7,0%,870,0.0%,10.5%,665000,-2305000 ( -77.6% ),91,-260 ( -74.1% ),29363271356,3648800,39
2017-03-14,7,0.1%,7,0%,924,0.0%,7.9%,525000,-140000 ( -21.1% ),73,-18 ( -19.8% ),29363796356,3648873,55
2017-03-15,7,0.1%,9,0.1%,1243,0.1%,8.4%,794500,269500 ( 51.3% ),105,32 ( 43.8% ),29364590856,3648978,47
2017-03-16,4,0.1%,5,0%,623,0.0%,5.6%,215000,-579500 ( -72.9% ),35,-70 ( -66.7% ),29364805856,3649013,59
2017-03-17,4,0.1%,4,0%,518,0.0%,9.1%,279000,64000 ( 29.8% ),47,12 ( 34.3% ),29365084856,3649060,50
2017-03-18,8,0.1%,9,0.1%,1306,0.0%,21.1%,2076500,1797500 ( 644.3% ),276,229 ( 487.2% ),29367161356,3649336,29
2017-03-19,7,0.1%,9,0.1%,1656,0.1%,14.9%,1764000,-312500 ( -15.0% ),246,-30 ( -10.9% ),29368925356,3649582,30
2017-03-20,4,0.1%,4,0%,538,0.0%,7.1%,244000,-1520000 ( -86.2% ),38,-208 ( -84.6% ),29369169356,3649620,54
2017-03-21,5,0.1%,6,0%,804,0.0%,10.3%,502500,258500 ( 105.9% ),83,45 ( 118.4% ),29369671856,3649703,57
2017-03-22,5,0.1%,5,0%,528,0.0%,7.0%,287000,-215500 ( -42.9% ),37,-46 ( -55.4% ),29369958856,3649740,63
2017-03-23,2,0.0%,2,0%,270,0.0%,11.5%,228500,-58500 ( -20.4% ),31,-6 ( -16.2% ),29370187356,3649771,66
2017-03-24,3,0.1%,3,0%,388,0.0%,38.1%,1226000,997500 ( 436.5% ),148,117 ( 377.4% ),29371413356,3649919,35
2017-03-25,4,0.1%,4,0%,663,0.0%,15.1%,918000,-308000 ( -25.1% ),100,-48 ( -32.4% ),29372331356,3650019,50
2017-03-26,7,0.1%,7,0%,1345,0.0%,22.0%,2010500,1092500 ( 119.0% ),296,196 ( 196.0% ),29374341856,3650315,28
2017-03-27,2,0.0%,2,0%,290,0.0%,7.6%,179000,-1831500 ( -91.1% ),22,-274 ( -92.6% ),29374520856,3650337,73
2017-03-28,3,0.1%,4,0%,498,0.0%,15.3%,574500,395500 ( 220.9% ),76,54 ( 245.5% ),29375095356,3650413,58
2017-03-29,2,0.0%,2,0%,290,0.0%,7.9%,184000,-390500 ( -68.0% ),23,-53 ( -69.7% ),29375279356,3650436,84
2017-03-30,2,0.0%,2,0%,299,0.0%,11.4%,267000,83000 ( 45.1% ),34,11 ( 47.8% ),29375546356,3650470,58
2017-03-31,2,0.0%,2,0%,299,0.0%,20.1%,567000,300000 ( 112.4% ),60,26 ( 76.5% ),29376113356,3650530,54
2017-04-01,2,0.0%,3,0%,412,0.0%,26.5%,916000,349000 ( 61.6% ),109,49 ( 81.7% ),29377029356,3650639,50
2017-04-02,2,0.0%,3,0%,412,0.0%,32.3%,1191500,275500 ( 30.1% ),133,24 ( 22.0% ),29378220856,3650772,37
2017-04-03,2,0.0%,2,0%,299,0.0%,19.7%,473500,-718000 ( -60.3% ),59,-74 ( -55.6% ),29378694356,3650831,47
2017-04-04,2,0.0%,2,0%,299,0.0%,10.7%,199000,-274500 ( -58.0% ),32,-27 ( -45.8% ),29378893356,3650863,58
2017-04-06,1,0.0%,1,0%,186,0.0%,8.1%,111000,111000 ( 100.0% ),15,15 ( 100.0% ),29379004356,3650878,74
2017-04-07,1,0.0%,2,0%,372,0.0%,17.5%,546500,435500 ( 392.3% ),65,50 ( 333.3% ),29379550856,3650943,48
2017-04-08,1,0.0%,1,0%,186,0.0%,27.4%,448000,-98500 ( -18.0% ),51,-14 ( -21.5% ),29379998856,3650994,60
2017-04-09,2,0.0%,2,0%,299,0.0%,31.4%,875000,427000 ( 95.3% ),94,43 ( 84.3% ),29380873856,3651088,46
2017-04-10,2,0.0%,2,0%,299,0.0%,14.7%,314500,-560500 ( -64.1% ),44,-50 ( -53.2% ),29381188356,3651132,55
2017-04-11,1,0.0%,1,0%,113,0.0%,4.4%,39000,-275500 ( -87.6% ),5,-39 ( -88.6% ),29381227356,3651137,90
2017-04-12,1,0.0%,1,0%,113,0.0%,4.4%,38000,-1000 ( -2.6% ),5,0 ( 0.0% ),29381265356,3651142,83
2017-04-13,1,0.0%,1,0%,113,0.0%,2.7%,21000,-17000 ( -44.7% ),3,-2 ( -40.0% ),29381286356,3651145,93
2017-04-14,1,0.0%,1,0%,113,0.0%,6.2%,70000,49000 ( 233.3% ),7,4 ( 133.3% ),29381356356,3651152,85
2017-04-15,2,0.0%,2,0%,299,0.0%,31.4%,860000,790000 ( 1128.6% ),94,87 ( 1242.9% ),29382216356,3651246,49
2017-04-16,2,0.0%,2,0%,299,0.0%,21.1%,580000,-280000 ( -32.6% ),63,-31 ( -33.0% ),29382796356,3651309,48
2017-04-17,1,0.0%,1,0%,113,0.0%,3.5%,27000,-553000 ( -95.3% ),4,-59 ( -93.7% ),29382823356,3651313,81
2017-04-18,1,0.0%,1,0%,113,0.0%,6.2%,57000,30000 ( 111.1% ),7,3 ( 75.0% ),29382880356,3651320,84
2017-04-19,1,0.0%,1,0%,113,0.0%,8.0%,64000,7000 ( 12.3% ),9,2 ( 28.6% ),29382944356,3651329,85
2017-04-21,1,0.0%,1,0%,186,0.0%,10.2%,161000,161000 ( 100.0% ),19,19 ( 100.0% ),29383105356,3651348,84
2017-04-22,1,0.0%,1,0%,190,0.0%,15.3%,186000,25000 ( 15.5% ),29,10 ( 52.6% ),29383291356,3651377,82
2017-04-23,1,0.0%,1,0%,190,0.0%,36.8%,461000,275000 ( 147.8% ),70,41 ( 141.4% ),29383752356,3651447,59
2017-04-25,1,0.0%,1,0%,80,0.0%,0.0%,0,0 ( 0.0% ),0,0 ( 0.0% ),29383752356,3651447,133
2017-04-28,2,0.0%,2,0%,338,0.0%,3.0%,85000,85000 ( 100.0% ),10,10 ( 100.0% ),29383837356,3651457,75
2017-04-29,2,0.0%,2,0%,324,0.0%,53.1%,1192000,1107000 ( 1302.4% ),172,162 ( 1620.0% ),29385029356,3651629,38
2017-04-30,3,0.1%,3,0%,499,0.0%,33.1%,1398500,206500 ( 17.3% ),165,-7 ( -4.1% ),29386427856,3651794,39
2017-05-01,1,0.0%,1,0%,180,0.0%,41.7%,600000,-798500 ( -57.1% ),75,-90 ( -54.5% ),29387027856,3651869,54
2017-05-03,1,0.0%,1,0%,186,0.0%,12.9%,219000,219000 ( 100.0% ),24,24 ( 100.0% ),29387246856,3651893,70
2017-05-05,1,0.0%,1,0%,190,0.0%,44.2%,760000,760000 ( 100.0% ),84,84 ( 100.0% ),29388006856,3651977,49
2017-05-06,1,0.0%,1,0%,190,0.0%,30.5%,511000,-249000 ( -32.8% ),58,-26 ( -31.0% ),29388517856,3652035,51
2017-05-07,1,0.0%,1,0%,186,0.0%,24.7%,435000,-76000 ( -14.9% ),46,-12 ( -20.7% ),29388952856,3652081,52
2017-05-08,1,0.0%,1,0%,186,0.0%,12.4%,187000,-248000 ( -57.0% ),23,-23 ( -50.0% ),29389139856,3652104,58
2017-05-09,1,0.0%,1,0%,186,0.0%,53.8%,928000,741000 ( 396.3% ),100,77 ( 334.8% ),29390067856,3652204,47
2017-05-10,1,0.0%,1,0%,332,0.0%,0.0%,0,-928000 ( -100.0% ),0,-100 ( -100.0% ),29390067856,3652204,101
2017-05-13,1,0.0%,1,0%,190,0.0%,30.5%,394000,394000 ( 100.0% ),58,58 ( 100.0% ),29390461856,3652262,54
2017-05-14,1,0.0%,1,0%,180,0.0%,24.4%,410000,16000 ( 4.1% ),44,-14 ( -24.1% ),29390871856,3652306,60
2017-05-19,1,0.0%,1,0%,85,0.0%,100.0%,847000,847000 ( 100.0% ),85,85 ( 100.0% ),29391718856,3652391,50
2017-05-20,1,0.0%,1,0%,186,0.0%,22.6%,382500,-464500 ( -54.8% ),42,-43 ( -50.6% ),29392101356,3652433,62
2017-05-21,1,0.0%,1,0%,186,0.0%,39.8%,673000,290500 ( 75.9% ),74,32 ( 76.2% ),29392774356,3652507,47
2017-05-25,1,0.0%,1,0%,199,0.0%,0.0%,0,0 ( 0.0% ),0,0 ( 0.0% ),29392774356,3652507,104
2017-05-27,1,0.0%,1,0%,180,0.0%,27.8%,490000,490000 ( 100.0% ),50,50 ( 100.0% ),29393264356,3652557,67
2017-05-28,1,0.0%,1,0%,180,0.0%,34.4%,544500,54500 ( 11.1% ),62,12 ( 24.0% ),29393808856,3652619,62
2017-06-03,1,0.0%,1,0%,180,0.0%,25.0%,427000,427000 ( 100.0% ),45,45 ( 100.0% ),29394235856,3652664,64
2017-06-04,1,0.0%,1,0%,180,0.0%,20.6%,356000,-71000 ( -16.6% ),37,-8 ( -17.8% ),29394591856,3652701,55
2017-06-10,1,0.0%,1,0%,190,0.0%,39.5%,492000,492000 ( 100.0% ),75,75 ( 100.0% ),29395083856,3652776,51
2017-06-11,1,0.0%,1,0%,186,0.0%,75.3%,1247000,755000 ( 153.5% ),140,65 ( 86.7% ),29396330856,3652916,36
2017-06-24,1,0.0%,1,0%,97,0.0%,100.0%,970000,970000 ( 100.0% ),97,97 ( 100.0% ),29397300856,3653013,52
2017-06-29,1,0.0%,1,0%,87,0.0%,0.0%,0,0 ( 0.0% ),0,0 ( 0.0% ),29397300856,3653013,97
2017-07-11,2,0.0%,2,0%,464,0.0%,100.0%,3996000,3996000 ( 100.0% ),464,464 ( 100.0% ),29401296856,3653477,20
2017-07-13,221,4.5%,376,2.4%,51294,2.0%,3.8%,13768500,13768500 ( 100.0% ),1928,1928 ( 100.0% ),29415065356,3655405,12
2017-07-14,221,4.3%,332,2%,43785,1.6%,4.0%,13921400,152900 ( 1.1% ),1763,-165 ( -8.6% ),29428986756,3657168,12
2017-07-15,198,3.7%,289,1.7%,37486,1.3%,10.8%,31218600,17297200 ( 124.2% ),4049,2286 ( 129.7% ),29460205356,3661217,10
2017-07-16,192,3.6%,267,1.6%,33711,1.2%,10.9%,28563100,-2655500 ( -8.5% ),3680,-369 ( -9.1% ),29488768456,3664897,11
2017-07-17,173,3.8%,253,1.6%,33979,1.3%,2.8%,6748500,-21814600 ( -76.4% ),940,-2740 ( -74.5% ),29495516956,3665837,14
2017-07-18,173,3.6%,259,1.7%,34073,1.3%,3.2%,7562200,813700 ( 12.1% ),1074,134 ( 14.3% ),29503079156,3666911,14
2017-07-19,136,2.7%,181,1.1%,27247,1.0%,10.7%,34557400,26995200 ( 357.0% ),2914,1840 ( 171.3% ),29537636556,3669825,14
2017-07-20,19,0.3%,27,0.1%,3715,0.1%,8.5%,2208000,-32349400 ( -93.6% ),317,-2597 ( -89.1% ),29539844556,3670142,22
2017-07-21,18,0.3%,27,0.1%,3652,0.1%,8.5%,2510000,302000 ( 13.7% ),309,-8 ( -2.5% ),29542354556,3670451,25
2017-07-22,14,0.2%,20,0.1%,2706,0.1%,12.9%,2694000,184000 ( 7.3% ),348,39 ( 12.6% ),29545048556,3670799,26
2017-07-23,16,0.3%,22,0.1%,3195,0.1%,13.9%,3525500,831500 ( 30.9% ),445,97 ( 27.9% ),29548574056,3671244,21
2017-07-24,15,0.3%,23,0.1%,2905,0.1%,8.7%,1581000,-1944500 ( -55.2% ),252,-193 ( -43.4% ),29550155056,3671496,28
2017-07-25,15,0.3%,27,0.1%,3743,0.1%,6.7%,1557000,-24000 ( -1.5% ),251,-1 ( -0.4% ),29551712056,3671747,29
2017-07-26,24,0.4%,24,0.1%,3701,0.1%,7.4%,1396000,-161000 ( -10.3% ),273,22 ( 8.8% ),29553108056,3672020,24
2017-07-27,23,0.4%,23,0.1%,3477,0.1%,7.6%,1432000,36000 ( 2.6% ),265,-8 ( -2.9% ),29554540056,3672285,27
2017-07-28,10,0.2%,10,0.1%,1452,0.0%,8.9%,654000,-778000 ( -54.3% ),129,-136 ( -51.3% ),29555194056,3672414,34
2017-07-29,8,0.1%,8,0%,1198,0.0%,9.2%,550000,-104000 ( -15.9% ),110,-19 ( -14.7% ),29555744056,3672524,45
2017-07-30,10,0.2%,10,0.1%,1585,0.1%,11.5%,1250000,700000 ( 127.3% ),183,73 ( 66.4% ),29556994056,3672707,26
2017-07-31,9,0.2%,9,0%,1393,0.0%,7.4%,522000,-728000 ( -58.2% ),103,-80 ( -43.7% ),29557516056,3672810,37
2017-08-01,9,0.2%,9,0%,1283,0.0%,9.4%,606000,84000 ( 16.1% ),121,18 ( 17.5% ),29558122056,3672931,36
2017-08-02,5,0.1%,5,0%,736,0.0%,6.8%,250000,-356000 ( -58.7% ),50,-71 ( -58.7% ),29558372056,3672981,49
2017-08-03,5,0.1%,5,0%,665,0.0%,7.5%,250000,0 ( 0.0% ),50,0 ( 0.0% ),29558622056,3673031,49
2017-08-04,5,0.1%,5,0%,891,0.0%,5.6%,250000,0 ( 0.0% ),50,0 ( 0.0% ),29558872056,3673081,51
2017-08-05,6,0.1%,6,0%,944,0.0%,15.7%,1150400,900400 ( 360.2% ),148,98 ( 196.0% ),29560022456,3673229,33
2017-08-06,5,0.1%,5,0%,774,0.0%,3.2%,125000,-1025400 ( -89.1% ),25,-123 ( -83.1% ),29560147456,3673254,61
2017-08-07,5,0.1%,5,0%,675,0.0%,3.7%,125000,0 ( 0.0% ),25,0 ( 0.0% ),29560272456,3673279,52
2017-08-08,5,0.1%,5,0%,675,0.0%,3.7%,125000,0 ( 0.0% ),25,0 ( 0.0% ),29560397456,3673304,59
2017-08-09,5,0.1%,5,0%,767,0.0%,3.3%,125000,0 ( 0.0% ),25,0 ( 0.0% ),29560522456,3673329,57
2017-08-10,5,0.1%,5,0%,690,0.0%,3.6%,125000,0 ( 0.0% ),25,0 ( 0.0% ),29560647456,3673354,60
2017-08-11,5,0.1%,5,0%,690,0.0%,3.6%,125000,0 ( 0.0% ),25,0 ( 0.0% ),29560772456,3673379,60
2017-08-12,5,0.1%,5,0%,609,0.0%,4.1%,125000,0 ( 0.0% ),25,0 ( 0.0% ),29560897456,3673404,73
2017-08-26,1,0.0%,1,0%,97,0.0%,100.0%,776000,776000 ( 100.0% ),97,97 ( 100.0% ),29561673456,3673501,50
2017-09-01,1,0.0%,1,0%,186,0.0%,0.0%,0,0 ( 0.0% ),0,0 ( 0.0% ),29561673456,3673501,103
2017-09-09,2,0.0%,2,0%,272,0.0%,10.7%,193000,193000 ( 100.0% ),29,29 ( 100.0% ),29561866456,3673530,84
2017-09-10,2,0.0%,2,0%,211,0.0%,42.7%,528200,335200 ( 173.7% ),90,61 ( 210.3% ),29562394656,3673620,54
2017-09-16,3,0.0%,3,0%,262,0.0%,16.4%,285500,285500 ( 100.0% ),43,43 ( 100.0% ),29562680156,3673663,85
2017-09-17,2,0.0%,2,0%,272,0.0%,15.8%,289000,3500 ( 1.2% ),43,0 ( 0.0% ),29562969156,3673706,70
2017-09-18,1,0.0%,1,0%,51,0.0%,7.8%,20000,-269000 ( -93.1% ),4,-39 ( -90.7% ),29562989156,3673710,105
2017-09-23,2,0.0%,2,0%,125,0.0%,100.0%,927000,927000 ( 100.0% ),125,125 ( 100.0% ),29563916156,3673835,62
2017-09-24,1,0.0%,1,0%,40,0.0%,100.0%,80000,-847000 ( -91.4% ),40,-85 ( -68.0% ),29563996156,3673875,78
2017-09-28,1,0.0%,1,0%,164,0.0%,6.1%,58000,58000 ( 100.0% ),10,10 ( 100.0% ),29564054156,3673885,98
2017-11-04,1,0.0%,1,0%,84,0.0%,0.0%,0,0 ( 0.0% ),0,0 ( 0.0% ),29564054156,3673885,153
2017-11-12,1,0.0%,1,0%,93,0.0%,39.8%,220000,220000 ( 100.0% ),37,37 ( 100.0% ),29564274156,3673922,74
2017-11-25,2,0.0%,2,0%,136,0.0%,58.1%,559000,559000 ( 100.0% ),79,79 ( 100.0% ),29564833156,3674001,72
2017-11-28,2,0.0%,2,0%,207,0.0%,15.0%,189500,189500 ( 100.0% ),31,31 ( 100.0% ),29565022656,3674032,95
2017-12-05,1,0.0%,2,0%,124,0.0%,80.6%,401000,401000 ( 100.0% ),100,100 ( 100.0% ),29565423656,3674132,60
2017-12-06,1,0.0%,1,0%,62,0.0%,96.8%,240000,-161000 ( -40.1% ),60,-40 ( -40.0% ),29565663656,3674192,73
2017-12-08,2,0.0%,3,0%,407,0.0%,17.7%,450000,450000 ( 100.0% ),72,72 ( 100.0% ),29566113656,3674264,67
2017-12-09,1,0.0%,2,0%,372,0.0%,14.5%,437500,-12500 ( -2.8% ),54,-18 ( -25.0% ),29566551156,3674318,80
2017-12-10,1,0.0%,2,0%,372,0.0%,14.2%,429000,-8500 ( -1.9% ),53,-1 ( -1.9% ),29566980156,3674371,78
2017-12-20,1,0.0%,1,0%,106,0.0%,0.0%,0,0 ( 0.0% ),0,0 ( 0.0% ),29566980156,3674371,123
2018-01-03,1,0.0%,1,0%,180,0.0%,17.8%,269500,269500 ( 100.0% ),32,32 ( 100.0% ),29567249656,3674403,51
2018-01-04,115,2.1%,206,1.2%,24809,0.9%,52.7%,96383800,96114300 ( 35663.9% ),13070,13038 ( 40743.8% ),29663633456,3687473,7
2018-01-05,121,2.2%,211,1.2%,25904,0.9%,21.3%,45987700,-50396100 ( -52.3% ),5519,-7551 ( -57.8% ),29709621156,3692992,8
2018-01-06,120,2.1%,197,1.1%,23943,0.8%,26.0%,51849300,5861600 ( 12.7% ),6225,706 ( 12.8% ),29761470456,3699217,9
2018-01-07,116,2.0%,189,1%,23404,0.8%,25.7%,50288700,-1560600 ( -3.0% ),6018,-207 ( -3.3% ),29811759156,3705235,9
2018-01-08,68,1.3%,99,0.6%,12377,0.4%,8.9%,8199500,-42089200 ( -83.7% ),1100,-4918 ( -81.7% ),29819958656,3706335,11
2018-01-09,78,1.5%,104,0.6%,13281,0.5%,19.5%,17711900,9512400 ( 116.0% ),2591,1491 ( 135.5% ),29837670556,3708926,8
2018-01-10,60,1.1%,89,0.5%,11500,0.4%,9.9%,8413500,-9298400 ( -52.5% ),1139,-1452 ( -56.0% ),29846084056,3710065,12
2018-01-11,4,0.1%,5,0%,540,0.0%,31.1%,1316000,-7097500 ( -84.4% ),168,-971 ( -85.3% ),29847400056,3710233,31
2018-01-12,4,0.1%,8,0%,1038,0.0%,17.0%,1313000,-3000 ( -0.2% ),176,8 ( 4.8% ),29848713056,3710409,24
2018-01-13,5,0.1%,7,0%,1096,0.0%,24.7%,2268500,955500 ( 72.8% ),271,95 ( 54.0% ),29850981556,3710680,21
2018-01-14,6,0.1%,7,0%,1100,0.0%,13.4%,1260000,-1008500 ( -44.5% ),147,-124 ( -45.8% ),29852241556,3710827,33
2018-01-15,4,0.1%,6,0%,726,0.0%,7.7%,463000,-797000 ( -63.3% ),56,-91 ( -61.9% ),29852704556,3710883,41
2018-01-16,5,0.1%,6,0%,728,0.0%,15.9%,805000,342000 ( 73.9% ),116,60 ( 107.1% ),29853509556,3710999,41
2018-01-17,4,0.1%,6,0%,955,0.0%,14.1%,1085000,280000 ( 34.8% ),135,19 ( 16.4% ),29854594556,3711134,35
2018-01-18,1,0.0%,2,0%,168,0.0%,4.8%,54000,-1031000 ( -95.0% ),8,-127 ( -94.1% ),29854648556,3711142,81
2018-01-19,1,0.0%,2,0%,226,0.0%,4.0%,70000,16000 ( 29.6% ),9,1 ( 12.5% ),29854718556,3711151,74
2018-01-20,1,0.0%,1,0%,113,0.0%,14.2%,131000,61000 ( 87.1% ),16,7 ( 77.8% ),29854849556,3711167,77
2018-01-21,1,0.0%,1,0%,113,0.0%,2.7%,24000,-107000 ( -81.7% ),3,-13 ( -81.3% ),29854873556,3711170,87
2018-01-22,1,0.0%,2,0%,226,0.0%,2.7%,37000,13000 ( 54.2% ),6,3 ( 100.0% ),29854910556,3711176,66
2018-01-23,2,0.0%,2,0%,344,0.0%,1.7%,36000,-1000 ( -2.7% ),6,0 ( 0.0% ),29854946556,3711182,78
2018-01-24,1,0.0%,1,0%,113,0.0%,2.7%,21000,-15000 ( -41.7% ),3,-3 ( -50.0% ),29854967556,3711185,84
2018-01-25,1,0.0%,1,0%,113,0.0%,8.0%,70000,49000 ( 233.3% ),9,6 ( 200.0% ),29855037556,3711194,77
2018-01-26,1,0.0%,1,0%,140,0.0%,1.4%,20000,-50000 ( -71.4% ),2,-7 ( -77.8% ),29855057556,3711196,93
2018-01-27,1,0.0%,1,0%,113,0.0%,4.4%,30000,10000 ( 50.0% ),5,3 ( 150.0% ),29855087556,3711201,90
2018-01-28,1,0.0%,1,0%,113,0.0%,11.5%,106000,76000 ( 253.3% ),13,8 ( 160.0% ),29855193556,3711214,80
2018-01-29,1,0.0%,1,0%,113,0.0%,5.3%,43000,-63000 ( -59.4% ),6,-7 ( -53.8% ),29855236556,3711220,73
2018-01-30,1,0.0%,1,0%,84,0.0%,4.8%,24000,-19000 ( -44.2% ),4,-2 ( -33.3% ),29855260556,3711224,97
2018-01-31,1,0.0%,1,0%,84,0.0%,1.2%,6000,-18000 ( -75.0% ),1,-3 ( -75.0% ),29855266556,3711225,103
2018-02-01,1,0.0%,1,0%,113,0.0%,9.7%,78000,72000 ( 1200.0% ),11,10 ( 1000.0% ),29855344556,3711236,79
2018-02-02,1,0.0%,1,0%,113,0.0%,2.7%,18000,-60000 ( -76.9% ),3,-8 ( -72.7% ),29855362556,3711239,89
2018-02-03,1,0.0%,1,0%,140,0.0%,1.4%,11000,-7000 ( -38.9% ),2,-1 ( -33.3% ),29855373556,3711241,99
2018-02-04,1,0.0%,1,0%,140,0.0%,0.7%,5000,-6000 ( -54.5% ),1,-1 ( -50.0% ),29855378556,3711242,99
2018-02-05,1,0.0%,1,0%,104,0.0%,1.0%,6000,1000 ( 20.0% ),1,0 ( 0.0% ),29855384556,3711243,91
2018-02-07,1,0.0%,1,0%,104,0.0%,1.9%,12000,12000 ( 100.0% ),2,2 ( 100.0% ),29855396556,3711245,92
2018-03-31,1,0.0%,1,0%,152,0.0%,34.9%,362000,362000 ( 100.0% ),53,53 ( 100.0% ),29855758556,3711298,51
2018-04-18,1,0.0%,1,0%,130,0.0%,9.2%,89000,89000 ( 100.0% ),12,12 ( 100.0% ),29855847556,3711310,76
2018-06-13,1,0.0%,1,0%,130,0.0%,50.0%,492000,492000 ( 100.0% ),65,65 ( 100.0% ),29856339556,3711375,43
2018-07-11,1,0.0%,1,0%,103,0.0%,31.1%,238000,238000 ( 100.0% ),32,32 ( 100.0% ),29856577556,3711407,63
2018-08-15,1,0.0%,1,0%,130,0.0%,27.7%,275500,275500 ( 100.0% ),36,36 ( 100.0% ),29856853056,3711443,57
2018-08-24,1,0.0%,1,0%,130,0.0%,11.5%,111000,111000 ( 100.0% ),15,15 ( 100.0% ),29856964056,3711458,88
2018-08-25,1,0.0%,1,0%,84,0.0%,9.5%,60000,-51000 ( -45.9% ),8,-7 ( -46.7% ),29857024056,3711466,100
2018-08-27,1,0.0%,1,0%,130,0.0%,2.3%,22000,22000 ( 100.0% ),3,3 ( 100.0% ),29857046056,3711469,81
2018-09-04,1,0.0%,1,0%,130,0.0%,4.6%,42000,42000 ( 100.0% ),6,6 ( 100.0% ),29857088056,3711475,87
2018-09-07,1,0.0%,3,0%,1872,0.1%,5.6%,1792500,1792500 ( 100.0% ),104,104 ( 100.0% ),29858880556,3711579,44
2018-09-08,2,0.0%,4,0%,1956,0.1%,21.3%,6896500,5104000 ( 284.7% ),416,312 ( 300.0% ),29865777056,3711995,28
2018-09-09,1,0.0%,3,0%,1872,0.1%,23.1%,7230000,333500 ( 4.8% ),432,16 ( 3.8% ),29873007056,3712427,22
2018-09-15,1,0.0%,1,0%,152,0.0%,25.7%,272000,272000 ( 100.0% ),39,39 ( 100.0% ),29873279056,3712466,83
2018-09-20,1,0.0%,1,0%,112,0.0%,16.1%,111000,111000 ( 100.0% ),18,18 ( 100.0% ),29873390056,3712484,76
2018-09-23,1,0.0%,1,0%,112,0.0%,44.6%,343000,343000 ( 100.0% ),50,50 ( 100.0% ),29873733056,3712534,45
2018-09-25,1,0.0%,1,0%,112,0.0%,26.8%,205200,205200 ( 100.0% ),30,30 ( 100.0% ),29873938256,3712564,65
2018-09-28,1,0.0%,1,0%,118,0.0%,10.2%,84000,84000 ( 100.0% ),12,12 ( 100.0% ),29874022256,3712576,79
2018-10-20,1,0.0%,1,0%,113,0.0%,0.9%,5000,5000 ( 100.0% ),1,1 ( 100.0% ),29874027256,3712577,93
2018-10-24,1,0.0%,1,0%,113,0.0%,4.4%,35000,35000 ( 100.0% ),5,5 ( 100.0% ),29874062256,3712582,93
2018-10-27,1,0.0%,1,0%,113,0.0%,1.8%,10000,10000 ( 100.0% ),2,2 ( 100.0% ),29874072256,3712584,138
2018-11-01,1,0.0%,1,0%,113,0.0%,5.3%,30000,30000 ( 100.0% ),6,6 ( 100.0% ),29874102256,3712590,104
2018-11-09,1,0.0%,1,0%,113,0.0%,1.8%,10000,10000 ( 100.0% ),2,2 ( 100.0% ),29874112256,3712592,95
2018-11-13,1,0.0%,1,0%,113,0.0%,1.8%,11000,11000 ( 100.0% ),2,2 ( 100.0% ),29874123256,3712594,101
2018-11-17,1,0.0%,1,0%,164,0.0%,0.0%,0,0 ( 0.0% ),0,0 ( 0.0% ),29874123256,3712594,143
2018-11-27,1,0.0%,1,0%,113,0.0%,1.8%,10000,10000 ( 100.0% ),2,2 ( 100.0% ),29874133256,3712596,127
2018-11-29,1,0.0%,1,0%,113,0.0%,0.9%,5000,5000 ( 100.0% ),1,1 ( 100.0% ),29874138256,3712597,136
2019-01-04,1,0.0%,1,0%,75,0.0%,74.7%,448000,448000 ( 100.0% ),56,56 ( 100.0% ),29874586256,3712653,49
2019-02-18,1,0.0%,1,0%,91,0.0%,12.1%,81000,81000 ( 100.0% ),11,11 ( 100.0% ),29874667256,3712664,60
2019-02-25,1,0.0%,1,0%,91,0.0%,13.2%,93000,93000 ( 100.0% ),12,12 ( 100.0% ),29874760256,3712676,70
2019-03-02,1,0.0%,1,0%,174,0.0%,72.4%,1234000,1234000 ( 100.0% ),126,126 ( 100.0% ),29875994256,3712802,45
2019-03-11,1,0.0%,1,0%,91,0.0%,2.2%,14000,14000 ( 100.0% ),2,2 ( 100.0% ),29876008256,3712804,66
2019-05-11,1,0.0%,1,0%,100,0.0%,21.0%,220000,220000 ( 100.0% ),21,21 ( 100.0% ),29876228256,3712825,70
2019-05-25,1,0.0%,1,0%,100,0.0%,66.0%,660000,660000 ( 100.0% ),66,66 ( 100.0% ),29876888256,3712891,49
2019-10-07,1,0.0%,1,0%,91,0.0%,14.3%,116000,116000 ( 100.0% ),13,13 ( 100.0% ),29877004256,3712904,66
2019-10-14,1,0.0%,1,0%,91,0.0%,18.7%,148000,148000 ( 100.0% ),17,17 ( 100.0% ),29877152256,3712921,72
2019-10-21,1,0.0%,1,0%,91,0.0%,18.7%,156000,156000 ( 100.0% ),17,17 ( 100.0% ),29877308256,3712938,75
2019-11-03,1,0.0%,1,0%,386,0.0%,0.5%,16000,16000 ( 100.0% ),2,2 ( 100.0% ),29877324256,3712940,99
2019-11-04,1,0.0%,1,0%,140,0.0%,3.6%,42000,26000 ( 162.5% ),5,3 ( 150.0% ),29877366256,3712945,85
2019-11-10,1,0.0%,1,0%,152,0.0%,27.6%,405000,405000 ( 100.0% ),42,42 ( 100.0% ),29877771256,3712987,63
2019-11-11,1,0.0%,1,0%,140,0.0%,16.4%,204000,-201000 ( -49.6% ),23,-19 ( -45.2% ),29877975256,3713010,67
2019-11-14,4,0.1%,4,0%,424,0.0%,37.5%,1261500,1261500 ( 100.0% ),159,159 ( 100.0% ),29879236756,3713169,46
2019-11-15,4,0.1%,5,0%,547,0.0%,30.5%,1429500,168000 ( 13.3% ),167,8 ( 5.0% ),29880666256,3713336,47
2019-11-16,4,0.1%,5,0%,547,0.0%,38.8%,1802000,372500 ( 26.1% ),212,45 ( 26.9% ),29882468256,3713548,41
2019-11-17,4,0.1%,4,0%,424,0.0%,31.1%,1177500,-624500 ( -34.7% ),132,-80 ( -37.7% ),29883645756,3713680,46
2019-11-18,3,0.0%,3,0%,338,0.0%,19.5%,539000,-638500 ( -54.2% ),66,-66 ( -50.0% ),29884184756,3713746,70
2019-11-19,5,0.1%,5,0%,810,0.0%,10.6%,695000,156000 ( 28.9% ),86,20 ( 30.3% ),29884879756,3713832,78
2019-11-20,5,0.1%,5,0%,576,0.0%,18.8%,877000,182000 ( 26.2% ),108,22 ( 25.6% ),29885756756,3713940,67
2019-11-21,5,0.1%,5,0%,617,0.0%,10.5%,531000,-346000 ( -39.5% ),65,-43 ( -39.8% ),29886287756,3714005,55
2019-11-22,7,0.1%,7,0%,1106,0.0%,7.9%,724000,193000 ( 36.3% ),87,22 ( 33.8% ),29887011756,3714092,47
2019-11-23,11,0.2%,12,0.1%,1732,0.1%,24.2%,3833500,3109500 ( 429.5% ),420,333 ( 382.8% ),29890845256,3714512,22
2019-11-24,8,0.1%,8,0%,1229,0.0%,17.2%,1825500,-2008000 ( -52.4% ),212,-208 ( -49.5% ),29892670756,3714724,32
2019-11-25,4,0.1%,4,0%,508,0.0%,13.2%,565000,-1260500 ( -69.0% ),67,-145 ( -68.4% ),29893235756,3714791,48
2019-11-26,9,0.2%,10,0.1%,1250,0.0%,12.0%,1277500,712500 ( 126.1% ),150,83 ( 123.9% ),29894513256,3714941,38
2019-11-27,4,0.1%,4,0%,436,0.0%,16.1%,544000,-733500 ( -57.4% ),70,-80 ( -53.3% ),29895057256,3715011,62
2019-12-01,1,0.0%,1,0%,152,0.0%,45.4%,687000,687000 ( 100.0% ),69,69 ( 100.0% ),29895744256,3715080,56
2019-12-02,1,0.0%,1,0%,200,0.0%,3.0%,46000,-641000 ( -93.3% ),6,-63 ( -91.3% ),29895790256,3715086,108
2019-12-07,1,0.0%,1,0%,200,0.0%,1.5%,16000,16000 ( 100.0% ),3,3 ( 100.0% ),29895806256,3715089,117
2020-01-11,1,0.0%,1,0%,279,0.0%,100.0%,2232000,2232000 ( 100.0% ),279,279 ( 100.0% ),29898038256,3715368,31
2020-01-18,1,0.0%,1,0%,212,0.0%,0.0%,0,0 ( 0.0% ),0,0 ( 0.0% ),29898038256,3715368,105
2020-02-03,1,0.0%,1,0%,91,0.0%,42.9%,342000,342000 ( 100.0% ),39,39 ( 100.0% ),29898380256,3715407,51
2020-02-08,1,0.0%,2,0%,182,0.0%,42.3%,644000,644000 ( 100.0% ),77,77 ( 100.0% ),29899024256,3715484,41
2020-02-10,1,0.0%,1,0%,91,0.0%,30.8%,249000,249000 ( 100.0% ),28,28 ( 100.0% ),29899273256,3715512,45
2020-02-15,2,0.0%,2,0%,283,0.0%,86.2%,2561000,2561000 ( 100.0% ),244,244 ( 100.0% ),29901834256,3715756,24
2020-02-17,1,0.0%,1,0%,91,0.0%,23.1%,176000,176000 ( 100.0% ),21,21 ( 100.0% ),29902010256,3715777,49
2020-02-22,1,0.0%,1,0%,91,0.0%,18.7%,155000,155000 ( 100.0% ),17,17 ( 100.0% ),29902165256,3715794,55
2020-02-24,1,0.0%,1,0%,91,0.0%,15.4%,115000,115000 ( 100.0% ),14,14 ( 100.0% ),29902280256,3715808,43
2020-02-29,1,0.0%,1,0%,91,0.0%,13.2%,104000,104000 ( 100.0% ),12,12 ( 100.0% ),29902384256,3715820,57
2020-03-20,1,0.0%,1,0%,83,0.0%,8.4%,35000,35000 ( 100.0% ),7,7 ( 100.0% ),29902419256,3715827,84
2020-03-21,1,0.0%,1,0%,131,0.0%,0.8%,5000,-30000 ( -85.7% ),1,-6 ( -85.7% ),29902424256,3715828,103
2020-03-24,1,0.0%,1,0%,83,0.0%,1.2%,5000,5000 ( 100.0% ),1,1 ( 100.0% ),29902429256,3715829,97
2020-03-25,6,0.1%,6,0.1%,1714,0.1%,18.7%,3195000,3190000 ( 63800.0% ),320,319 ( 31900.0% ),29905624256,3716149,23
2020-03-26,15,0.4%,31,0.4%,10308,0.9%,16.3%,16805500,13610500 ( 426.0% ),1681,1361 ( 425.3% ),29922429756,3717830,8
2020-03-27,16,0.4%,32,0.4%,10391,0.8%,12.8%,13309000,-3496500 ( -20.8% ),1333,-348 ( -20.7% ),29935738756,3719163,9
2020-03-28,15,0.3%,33,0.4%,11013,0.8%,11.7%,12883500,-425500 ( -3.2% ),1289,-44 ( -3.3% ),29948622256,3720452,11
2020-03-29,16,0.4%,34,0.4%,11096,0.9%,10.6%,11683000,-1200500 ( -9.3% ),1171,-118 ( -9.2% ),29960305256,3721623,11
2020-03-30,16,0.5%,26,0.5%,8509,1.0%,8.1%,6859500,-4823500 ( -41.3% ),689,-482 ( -41.2% ),29967164756,3722312,9
2020-03-31,15,0.4%,26,0.4%,8708,0.9%,9.0%,7817500,958000 ( 14.0% ),782,93 ( 13.5% ),29974982256,3723094,11
2020-04-01,15,0.5%,23,0.4%,7704,0.9%,11.6%,8918000,1100500 ( 14.1% ),892,110 ( 14.1% ),29983900256,3723986,9
2020-04-02,3,0.1%,3,0.1%,358,0.0%,3.4%,92000,-8826000 ( -99.0% ),12,-880 ( -98.7% ),29983992256,3723998,64
2020-04-03,2,0.1%,2,0%,227,0.0%,9.7%,218000,126000 ( 137.0% ),22,10 ( 83.3% ),29984210256,3724020,63
2020-04-04,5,0.1%,5,0.1%,698,0.1%,5.6%,312480,94480 ( 43.3% ),39,17 ( 77.3% ),29984522736,3724059,54
2020-04-05,4,0.1%,4,0.1%,601,0.1%,5.0%,241000,-71480 ( -22.9% ),30,-9 ( -23.1% ),29984763736,3724089,63
2020-04-06,2,0.1%,3,0.1%,584,0.1%,4.6%,214480,-26520 ( -11.0% ),27,-3 ( -10.0% ),29984978216,3724116,54
2020-04-07,2,0.1%,3,0.1%,584,0.1%,3.8%,170000,-44480 ( -20.7% ),22,-5 ( -18.5% ),29985148216,3724138,58
2020-04-08,4,0.1%,6,0.1%,1094,0.1%,2.3%,176000,6000 ( 3.5% ),25,3 ( 13.6% ),29985324216,3724163,59
2020-04-09,4,0.1%,6,0.1%,1520,0.2%,1.2%,156500,-19500 ( -11.1% ),18,-7 ( -28.0% ),29985480716,3724181,74
2020-04-10,1,0.0%,3,0.1%,720,0.1%,2.1%,107000,-49500 ( -31.6% ),15,-3 ( -16.7% ),29985587716,3724196,72
2020-04-11,19,0.5%,34,0.6%,10289,1.1%,5.2%,5265500,5158500 ( 4821.0% ),531,516 ( 3440.0% ),29990853216,3724727,16
2020-04-12,18,0.5%,34,0.6%,10461,1.1%,5.8%,5982680,717180 ( 13.6% ),603,72 ( 13.6% ),29996835896,3725330,15
