날짜,스크린수,스크린점유율,상영횟수,상영점유율,좌석수,좌석점유율,좌석판매율,매출액,매출액증감(전일대비),관객수,관객수증감(전일대비),누적매출액,누적관객수,순위
2016-02-09,17,0.3%,17,0.1%,1865,0.1%,87.2%,14212500,14212500 ( 100.0% ),1627,1627 ( 100.0% ),14212500,1627,14
2016-02-11,2,0.0%,2,0%,564,0.0%,87.4%,4059000,4059000 ( 100.0% ),493,493 ( 100.0% ),18271500,2120,19
2016-02-17,201,4.2%,409,2.5%,50513,1.9%,11.5%,44119500,44119500 ( 100.0% ),5826,5826 ( 100.0% ),62391000,7946,8
2016-02-18,233,4.8%,481,2.9%,60420,2.2%,14.7%,68075600,23956100 ( 54.3% ),8882,3056 ( 52.5% ),130466600,16828,7
2016-02-19,246,5.1%,500,3%,62924,2.2%,16.3%,85175936,17100336 ( 25.1% ),10275,1393 ( 15.7% ),215642536,27103,7
2016-02-20,222,4.4%,426,2.4%,53111,1.8%,25.4%,112000048,26824112 ( 31.5% ),13470,3195 ( 31.1% ),327642584,40573,7
2016-02-21,228,4.5%,423,2.5%,53764,1.9%,23.4%,105171400,-6828648 ( -6.1% ),12559,-911 ( -6.8% ),432813984,53132,7
2016-02-22,230,5.0%,480,3%,60863,2.3%,13.1%,60686200,-44485200 ( -42.3% ),7948,-4611 ( -36.7% ),493500184,61080,7
2016-02-23,232,4.9%,487,3%,61787,2.3%,14.3%,67463900,6777700 ( 11.2% ),8819,871 ( 11.0% ),560964084,69899,7
2016-02-24,133,2.8%,263,1.6%,33229,1.2%,21.9%,46516900,-20947000 ( -31.0% ),7263,-1556 ( -17.6% ),607480984,77162,10
2016-02-25,63,1.2%,117,0.7%,14928,0.6%,20.9%,23678700,-22838200 ( -49.1% ),3127,-4136 ( -56.9% ),631159684,80289,13
2016-02-26,65,1.2%,132,0.8%,16989,0.6%,20.9%,29582700,5904000 ( 24.9% ),3558,431 ( 13.8% ),660742384,83847,13
2016-02-27,68,1.1%,132,0.8%,15858,0.6%,32.3%,44081600,14498900 ( 49.0% ),5119,1561 ( 43.9% ),704823984,88966,13
2016-02-28,65,1.1%,128,0.8%,15501,0.6%,30.9%,39949900,-4131700 ( -9.4% ),4788,-331 ( -6.5% ),744773884,93754,13
2016-02-29,66,1.2%,133,0.8%,16484,0.6%,25.9%,32803900,-7146000 ( -17.9% ),4276,-512 ( -10.7% ),777577784,98030,13
2016-03-01,72,1.2%,132,0.8%,16424,0.6%,34.8%,46969300,14165400 ( 43.2% ),5712,1436 ( 33.6% ),824547084,103742,13
2016-03-02,63,1.2%,126,0.8%,16076,0.6%,14.8%,18166400,-28802900 ( -61.3% ),2380,-3332 ( -58.3% ),842713484,106122,11
2016-03-03,45,0.9%,80,0.5%,9233,0.4%,19.0%,13491800,-4674600 ( -25.7% ),1758,-622 ( -26.1% ),856205284,107880,14
2016-03-04,48,0.9%,80,0.5%,9779,0.4%,21.2%,17905500,4413700 ( 32.7% ),2075,317 ( 18.0% ),874110784,109955,14
2016-03-05,49,0.9%,85,0.5%,10225,0.4%,31.8%,28849900,10944400 ( 61.1% ),3248,1173 ( 56.5% ),902960684,113203,14
2016-03-06,47,0.8%,79,0.5%,10021,0.4%,28.5%,24630900,-4219000 ( -14.6% ),2853,-395 ( -12.2% ),927591584,116056,15
2016-03-07,45,0.9%,85,0.6%,9985,0.4%,13.7%,10537500,-14093400 ( -57.2% ),1364,-1489 ( -52.2% ),938129084,117420,13
2016-03-08,46,0.9%,83,0.6%,10872,0.4%,12.3%,10214500,-323000 ( -3.1% ),1333,-31 ( -2.3% ),948343584,118753,17
2016-03-09,43,0.8%,80,0.6%,10139,0.4%,12.0%,9574000,-640500 ( -6.3% ),1219,-114 ( -8.6% ),957917584,119972,13
2016-03-10,37,0.8%,52,0.3%,6883,0.3%,13.1%,6901000,-2673000 ( -27.9% ),899,-320 ( -26.3% ),964818584,120871,18
2016-03-11,30,0.6%,41,0.3%,5327,0.2%,14.6%,6625500,-275500 ( -4.0% ),776,-123 ( -13.7% ),971444084,121647,17
2016-03-12,35,0.6%,53,0.3%,6945,0.2%,23.7%,14379100,7753600 ( 117.0% ),1645,869 ( 112.0% ),985823184,123292,16
2016-03-13,35,0.7%,51,0.3%,6954,0.3%,18.6%,11183500,-3195600 ( -22.2% ),1295,-350 ( -21.3% ),997006684,124587,17
2016-03-14,31,0.7%,53,0.4%,7397,0.3%,9.2%,5208500,-5975000 ( -53.4% ),681,-614 ( -47.4% ),1002215184,125268,18
2016-03-15,33,0.7%,51,0.3%,6632,0.3%,8.3%,4275500,-933000 ( -17.9% ),549,-132 ( -19.4% ),1006490684,125817,19
2016-03-16,35,0.7%,53,0.4%,6857,0.3%,10.7%,5546500,1271000 ( 29.7% ),735,186 ( 33.9% ),1012037184,126552,16
2016-03-17,16,0.3%,22,0.1%,2546,0.1%,13.7%,2651500,-2895000 ( -52.2% ),349,-386 ( -52.5% ),1014688684,126901,27
2016-03-18,15,0.3%,20,0.1%,3148,0.1%,12.2%,3366000,714500 ( 26.9% ),384,35 ( 10.0% ),1018054684,127285,30
2016-03-19,16,0.3%,22,0.1%,2677,0.1%,23.2%,5763100,2397100 ( 71.2% ),622,238 ( 62.0% ),1023817784,127907,28
2016-03-20,14,0.3%,20,0.1%,2646,0.1%,18.9%,4436000,-1327100 ( -23.0% ),501,-121 ( -19.5% ),1028253784,128408,27
2016-03-21,14,0.3%,21,0.1%,2227,0.1%,16.6%,3008000,-1428000 ( -32.2% ),369,-132 ( -26.3% ),1031261784,128777,23
2016-03-22,17,0.3%,25,0.2%,3013,0.1%,13.0%,2958500,-49500 ( -1.6% ),391,22 ( 6.0% ),1034220284,129168,25
2016-03-23,14,0.3%,23,0.2%,2735,0.1%,14.7%,3123000,164500 ( 5.6% ),402,11 ( 2.8% ),1037343284,129570,29
2016-03-24,7,0.2%,8,0.1%,691,0.0%,19.5%,1050500,-2072500 ( -66.4% ),135,-267 ( -66.4% ),1038393784,129705,35
2016-03-25,8,0.2%,10,0.1%,860,0.0%,24.4%,1871500,821000 ( 78.2% ),210,75 ( 55.6% ),1040265284,129915,27
2016-03-26,11,0.2%,13,0.1%,1930,0.1%,20.2%,3222000,1350500 ( 72.2% ),390,180 ( 85.7% ),1043487284,130305,25
2016-03-27,7,0.1%,10,0.1%,1193,0.0%,20.4%,2174000,-1048000 ( -32.5% ),243,-147 ( -37.7% ),1045661284,130548,28
2016-03-28,8,0.2%,11,0.1%,1189,0.1%,17.3%,1629000,-545000 ( -25.1% ),206,-37 ( -15.2% ),1047290284,130754,27
2016-03-29,7,0.1%,11,0.1%,866,0.0%,22.9%,1540100,-88900 ( -5.5% ),198,-8 ( -3.9% ),1048830384,130952,28
2016-03-30,7,0.1%,11,0.1%,947,0.0%,25.7%,1605000,64900 ( 4.2% ),243,45 ( 22.7% ),1050435384,131195,32
2016-03-31,3,0.1%,4,0%,271,0.0%,33.6%,703500,-901500 ( -56.2% ),91,-152 ( -62.6% ),1051138884,131286,53
2016-04-01,4,0.1%,5,0%,335,0.0%,38.5%,1104500,401000 ( 57.0% ),129,38 ( 41.8% ),1052243384,131415,47
2016-04-02,4,0.1%,5,0%,649,0.0%,31.7%,1921000,816500 ( 73.9% ),206,77 ( 59.7% ),1054164384,131621,34
2016-04-03,4,0.1%,5,0%,555,0.0%,34.1%,1790000,-131000 ( -6.8% ),189,-17 ( -8.3% ),1055954384,131810,33
2016-04-04,3,0.1%,4,0%,276,0.0%,24.6%,536000,-1254000 ( -70.1% ),68,-121 ( -64.0% ),1056490384,131878,46
2016-04-05,3,0.1%,4,0%,276,0.0%,26.8%,588500,52500 ( 9.8% ),74,6 ( 8.8% ),1057078884,131952,46
2016-04-06,4,0.1%,5,0%,428,0.0%,27.8%,902000,313500 ( 53.3% ),119,45 ( 60.8% ),1057980884,132071,43
2016-04-07,3,0.1%,4,0%,259,0.0%,19.3%,378000,-524000 ( -58.1% ),50,-69 ( -58.0% ),1058358884,132121,58
2016-04-08,3,0.1%,4,0%,480,0.0%,16.5%,678000,300000 ( 79.4% ),79,29 ( 58.0% ),1059036884,132200,50
2016-04-09,4,0.1%,5,0%,637,0.0%,22.3%,1334000,656000 ( 96.8% ),142,63 ( 79.7% ),1060370884,132342,37
2016-04-10,4,0.1%,5,0%,629,0.0%,19.1%,1089000,-245000 ( -18.4% ),120,-22 ( -15.5% ),1061459884,132462,41
2016-04-11,4,0.1%,6,0%,759,0.0%,6.9%,372000,-717000 ( -65.8% ),52,-68 ( -56.7% ),1061831884,132514,55
2016-04-12,3,0.1%,5,0%,386,0.0%,16.1%,473000,101000 ( 27.2% ),62,10 ( 19.2% ),1062304884,132576,55
2016-04-13,3,0.1%,4,0%,505,0.0%,26.5%,1251000,778000 ( 164.5% ),134,72 ( 116.1% ),1063555884,132710,45
2016-04-14,2,0.0%,2,0%,323,0.0%,13.0%,343000,-908000 ( -72.6% ),42,-92 ( -68.7% ),1063898884,132752,54
2016-04-15,2,0.0%,2,0%,102,0.0%,57.8%,521000,178000 ( 51.9% ),59,17 ( 40.5% ),1064419884,132811,53
2016-04-16,3,0.1%,3,0%,467,0.0%,23.3%,1045000,524000 ( 100.6% ),109,50 ( 84.7% ),1065464884,132920,41
2016-04-17,4,0.1%,4,0%,619,0.0%,20.0%,1147000,102000 ( 9.8% ),124,15 ( 13.8% ),1066611884,133044,34
2016-04-18,2,0.0%,2,0%,102,0.0%,35.3%,287000,-860000 ( -75.0% ),36,-88 ( -71.0% ),1066898884,133080,54
2016-04-19,2,0.0%,2,0%,323,0.0%,12.7%,325000,38000 ( 13.2% ),41,5 ( 13.9% ),1067223884,133121,56
2016-04-20,2,0.0%,2,0%,102,0.0%,37.3%,301000,-24000 ( -7.4% ),38,-3 ( -7.3% ),1067524884,133159,63
2016-04-21,4,0.1%,5,0%,428,0.0%,10.7%,366000,65000 ( 21.6% ),46,8 ( 21.1% ),1067890884,133205,54
2016-04-22,3,0.1%,4,0%,276,0.0%,10.5%,252000,-114000 ( -31.1% ),29,-17 ( -37.0% ),1068142884,133234,57
2016-04-23,4,0.1%,5,0%,428,0.0%,23.6%,910000,658000 ( 261.1% ),101,72 ( 248.3% ),1069052884,133335,41
2016-04-24,4,0.1%,5,0%,420,0.0%,20.5%,783000,-127000 ( -14.0% ),86,-15 ( -14.9% ),1069835884,133421,41
2016-04-25,3,0.1%,4,0%,276,0.0%,15.9%,342000,-441000 ( -56.3% ),44,-42 ( -48.8% ),1070177884,133465,47
2016-04-26,3,0.1%,3,0%,189,0.0%,12.7%,172000,-170000 ( -49.7% ),24,-20 ( -45.5% ),1070349884,133489,66
2016-04-27,1,0.0%,1,0%,30,0.0%,63.3%,124000,-48000 ( -27.9% ),19,-5 ( -20.8% ),1070473884,133508,57
2016-04-28,2,0.0%,2,0%,102,0.0%,39.2%,317000,193000 ( 155.6% ),40,21 ( 110.5% ),1070790884,133548,52
2016-04-29,2,0.0%,2,0%,102,0.0%,26.5%,221000,-96000 ( -30.3% ),27,-13 ( -32.5% ),1071011884,133575,56
2016-04-30,2,0.0%,2,0%,102,0.0%,69.6%,637000,416000 ( 188.2% ),71,44 ( 163.0% ),1071648884,133646,43
2016-05-01,2,0.0%,2,0%,102,0.0%,70.6%,677000,40000 ( 6.3% ),72,1 ( 1.4% ),1072325884,133718,36
2016-05-02,2,0.0%,2,0%,102,0.0%,30.4%,260000,-417000 ( -61.6% ),31,-41 ( -56.9% ),1072585884,133749,46
2016-05-03,2,0.0%,2,0%,102,0.0%,35.3%,294000,34000 ( 13.1% ),36,5 ( 16.1% ),1072879884,133785,58
2016-05-04,2,0.0%,2,0%,102,0.0%,53.9%,458000,164000 ( 55.8% ),55,19 ( 52.8% ),1073337884,133840,56
2016-05-05,1,0.0%,2,0%,60,0.0%,51.7%,241000,-217000 ( -47.4% ),31,-24 ( -43.6% ),1073578884,133871,56
2016-05-06,1,0.0%,2,0%,60,0.0%,50.0%,228000,-13000 ( -5.4% ),30,-1 ( -3.2% ),1073806884,133901,57
2016-05-07,1,0.0%,2,0%,60,0.0%,51.7%,247000,19000 ( 8.3% ),31,1 ( 3.3% ),1074053884,133932,59
2016-05-08,1,0.0%,2,0%,60,0.0%,41.7%,177000,-70000 ( -28.3% ),25,-6 ( -19.4% ),1074230884,133957,53
2016-05-09,1,0.0%,1,0%,30,0.0%,50.0%,103000,-74000 ( -41.8% ),15,-10 ( -40.0% ),1074333884,133972,61
2016-05-10,1,0.0%,2,0%,60,0.0%,35.0%,143000,40000 ( 38.8% ),21,6 ( 40.0% ),1074476884,133993,60
2016-05-11,1,0.0%,1,0%,30,0.0%,16.7%,30000,-113000 ( -79.0% ),5,-16 ( -76.2% ),1074506884,133998,101
2016-05-13,1,0.0%,1,0%,30,0.0%,13.3%,32000,32000 ( 100.0% ),4,4 ( 100.0% ),1074538884,134002,92
2016-05-14,1,0.0%,1,0%,30,0.0%,26.7%,68000,36000 ( 112.5% ),8,4 ( 100.0% ),1074606884,134010,86
2016-05-15,1,0.0%,1,0%,30,0.0%,6.7%,20000,-48000 ( -70.6% ),2,-6 ( -75.0% ),1074626884,134012,92
2016-05-16,1,0.0%,1,0%,30,0.0%,16.7%,41000,21000 ( 105.0% ),5,3 ( 150.0% ),1074667884,134017,73
2016-05-17,1,0.0%,1,0%,30,0.0%,10.0%,23000,-18000 ( -43.9% ),3,-2 ( -40.0% ),1074690884,134020,95
2016-05-18,1,0.0%,1,0%,30,0.0%,30.0%,73000,50000 ( 217.4% ),9,6 ( 200.0% ),1074763884,134029,85
2016-09-25,1,0.0%,1,0%,119,0.0%,42.0%,200000,200000 ( 100.0% ),50,50 ( 100.0% ),1074963884,134079,74
