날짜,스크린수,스크린점유율,상영횟수,상영점유율,좌석수,좌석점유율,좌석판매율,매출액,매출액증감(전일대비),관객수,관객수증감(전일대비),누적매출액,누적관객수,순위
2016-06-10,1,0.0%,1,0%,205,0.0%,100.0%,1845000,1845000 ( 100.0% ),205,205 ( 100.0% ),1845000,205,29
2016-06-15,1,0.0%,1,0%,151,0.0%,100.0%,1208000,1208000 ( 100.0% ),151,151 ( 100.0% ),3053000,356,28
2016-06-23,1,0.0%,1,0%,206,0.0%,100.0%,1854000,1854000 ( 100.0% ),206,206 ( 100.0% ),4907000,562,34
2016-06-28,1,0.0%,1,0%,203,0.0%,100.0%,1624000,1624000 ( 100.0% ),203,203 ( 100.0% ),6531000,765,28
2016-06-29,1,0.0%,1,0%,188,0.0%,100.0%,1504000,-120000 ( -7.4% ),188,-15 ( -7.4% ),8035000,953,36
2016-06-30,1,0.0%,1,0%,375,0.0%,100.0%,3375000,1871000 ( 124.4% ),375,187 ( 99.5% ),11410000,1328,25
2016-07-06,1,0.0%,1,0%,255,0.0%,80.8%,1718000,1718000 ( 100.0% ),206,206 ( 100.0% ),13128000,1534,31
2016-07-08,1,0.0%,1,0%,8,0.0%,100.0%,88000,88000 ( 100.0% ),8,8 ( 100.0% ),13216000,1542,101
2016-07-12,1,0.0%,1,0%,151,0.0%,100.0%,1208000,1208000 ( 100.0% ),151,151 ( 100.0% ),14424000,1693,38
2016-07-13,168,3.5%,371,2.3%,49275,1.9%,7.6%,27997800,26789800 ( 2217.7% ),3760,3609 ( 2390.1% ),42421800,5453,7
2016-07-14,185,3.7%,379,2.4%,49176,1.9%,8.4%,31040700,3042900 ( 10.9% ),4137,377 ( 10.0% ),73462500,9590,7
2016-07-15,196,3.3%,366,2.2%,47507,1.8%,9.2%,36727161,5686461 ( 18.3% ),4372,235 ( 5.7% ),110189661,13962,8
2016-07-16,184,2.9%,281,1.6%,35598,1.2%,17.2%,53031660,16304499 ( 44.4% ),6137,1765 ( 40.4% ),163221321,20099,7
2016-07-17,179,2.9%,267,1.6%,34389,1.2%,14.9%,44728800,-8302860 ( -15.7% ),5130,-1007 ( -16.4% ),207950121,25229,7
2016-07-18,189,3.9%,367,2.3%,47216,1.8%,8.4%,29669000,-15059800 ( -33.7% ),3947,-1183 ( -23.1% ),237619121,29176,6
2016-07-19,198,3.9%,377,2.4%,48382,1.8%,8.9%,32274700,2605700 ( 8.8% ),4303,356 ( 9.0% ),269893821,33479,6
2016-07-20,35,0.7%,47,0.3%,6212,0.2%,17.9%,8445400,-23829300 ( -73.8% ),1112,-3191 ( -74.2% ),278339221,34591,11
2016-07-21,38,0.8%,66,0.4%,8189,0.3%,19.5%,12618000,4172600 ( 49.4% ),1599,487 ( 43.8% ),290957221,36190,12
2016-07-22,39,0.8%,69,0.4%,8210,0.3%,21.0%,15208400,2590400 ( 20.5% ),1722,123 ( 7.7% ),306165621,37912,11
2016-07-23,35,0.7%,66,0.4%,7147,0.2%,41.8%,26777000,11568600 ( 76.1% ),2991,1269 ( 73.7% ),332942621,40903,10
2016-07-24,37,0.7%,64,0.4%,7686,0.3%,39.3%,26729100,-47900 ( -0.2% ),3021,30 ( 1.0% ),359671721,43924,10
2016-07-25,42,0.9%,80,0.5%,10339,0.4%,16.1%,12919500,-13809600 ( -51.7% ),1664,-1357 ( -44.9% ),372591221,45588,12
2016-07-26,41,0.8%,84,0.5%,10878,0.4%,15.9%,13122500,203000 ( 1.6% ),1728,64 ( 3.8% ),385713721,47316,12
2016-07-27,32,0.7%,68,0.4%,7336,0.3%,17.9%,8367000,-4755500 ( -36.2% ),1312,-416 ( -24.1% ),394080721,48628,15
2016-07-28,34,0.7%,52,0.3%,5761,0.2%,13.6%,6072400,-2294600 ( -27.4% ),784,-528 ( -40.2% ),400153121,49412,17
2016-07-29,33,0.7%,61,0.3%,6793,0.2%,18.3%,10955300,4882900 ( 80.4% ),1240,456 ( 58.2% ),411108421,50652,14
2016-07-30,29,0.6%,60,0.3%,6795,0.2%,27.7%,16716300,5761000 ( 52.6% ),1881,641 ( 51.7% ),427824721,52533,13
2016-07-31,29,0.6%,58,0.3%,5743,0.2%,31.1%,16040700,-675600 ( -4.0% ),1785,-96 ( -5.1% ),443865421,54318,11
2016-08-01,31,0.7%,48,0.3%,5630,0.2%,16.3%,7199200,-8841500 ( -55.1% ),917,-868 ( -48.6% ),451064621,55235,13
2016-08-02,52,1.1%,68,0.4%,8134,0.3%,24.7%,14131700,6932500 ( 96.3% ),2006,1089 ( 118.8% ),465196321,57241,14
2016-08-03,24,0.5%,42,0.2%,5399,0.2%,14.6%,6142500,-7989200 ( -56.5% ),788,-1218 ( -60.7% ),471338821,58029,16
2016-08-04,17,0.3%,23,0.1%,3001,0.1%,13.5%,3342000,-2800500 ( -45.6% ),406,-382 ( -48.5% ),474680821,58435,24
2016-08-05,16,0.3%,21,0.1%,2019,0.1%,24.2%,4466500,1124500 ( 33.6% ),488,82 ( 20.2% ),479147321,58923,20
2016-08-06,17,0.3%,24,0.1%,2539,0.1%,34.1%,7848000,3381500 ( 75.7% ),865,377 ( 77.3% ),486995321,59788,16
2016-08-07,18,0.3%,24,0.1%,3225,0.1%,25.8%,7530500,-317500 ( -4.0% ),831,-34 ( -3.9% ),494525821,60619,16
2016-08-08,14,0.3%,18,0.1%,2658,0.1%,10.4%,2155500,-5375000 ( -71.4% ),276,-555 ( -66.8% ),496681321,60895,24
2016-08-09,12,0.2%,16,0.1%,1611,0.1%,21.9%,2740500,585000 ( 27.1% ),353,77 ( 27.9% ),499421821,61248,25
2016-08-10,14,0.3%,17,0.1%,2241,0.1%,14.1%,2613500,-127000 ( -4.6% ),315,-38 ( -10.8% ),502035321,61563,26
2016-08-11,13,0.2%,15,0.1%,1441,0.1%,18.4%,2144500,-469000 ( -17.9% ),265,-50 ( -15.9% ),504179821,61828,28
2016-08-12,14,0.3%,16,0.1%,1536,0.1%,19.3%,2531000,386500 ( 18.0% ),296,31 ( 11.7% ),506710821,62124,25
2016-08-13,14,0.2%,15,0.1%,1563,0.1%,25.6%,3634000,1103000 ( 43.6% ),400,104 ( 35.1% ),510344821,62524,26
2016-08-14,14,0.2%,15,0.1%,1503,0.1%,37.6%,4894500,1260500 ( 34.7% ),565,165 ( 41.3% ),515239321,63089,21
2016-08-15,12,0.2%,14,0.1%,1368,0.0%,32.4%,4102000,-792500 ( -16.2% ),443,-122 ( -21.6% ),519341321,63532,23
2016-08-16,12,0.2%,15,0.1%,1345,0.0%,18.1%,1933000,-2169000 ( -52.9% ),244,-199 ( -44.9% ),521274321,63776,26
2016-08-17,9,0.2%,12,0.1%,1095,0.0%,18.1%,1661000,-272000 ( -14.1% ),198,-46 ( -18.9% ),522935321,63974,42
2016-08-18,4,0.1%,7,0%,590,0.0%,31.2%,1484000,-177000 ( -10.7% ),184,-14 ( -7.1% ),524419321,64158,41
2016-08-19,3,0.1%,6,0%,378,0.0%,47.6%,1668000,184000 ( 12.4% ),180,-4 ( -2.2% ),526087321,64338,38
2016-08-20,4,0.1%,7,0%,590,0.0%,56.6%,2920000,1252000 ( 75.1% ),334,154 ( 85.6% ),529007321,64672,29
2016-08-21,2,0.0%,5,0%,288,0.0%,76.0%,2099000,-821000 ( -28.1% ),219,-115 ( -34.4% ),531106321,64891,31
2016-08-22,3,0.1%,6,0%,500,0.0%,39.6%,1584000,-515000 ( -24.5% ),198,-21 ( -9.6% ),532690321,65089,35
2016-08-23,2,0.0%,5,0%,288,0.0%,58.7%,1400000,-184000 ( -11.6% ),169,-29 ( -14.6% ),534090321,65258,38
2016-08-24,4,0.1%,7,0%,590,0.0%,36.6%,1720000,320000 ( 22.9% ),216,47 ( 27.8% ),535810321,65474,35
2016-08-25,3,0.1%,4,0%,446,0.0%,26.2%,946000,-774000 ( -45.0% ),117,-99 ( -45.8% ),536756321,65591,50
2016-08-26,2,0.0%,3,0%,234,0.0%,36.3%,832000,-114000 ( -12.1% ),85,-32 ( -27.4% ),537588321,65676,55
2016-08-27,2,0.0%,2,0%,162,0.0%,54.9%,855000,23000 ( 2.8% ),89,4 ( 4.7% ),538443321,65765,57
2016-08-28,2,0.0%,2,0%,162,0.0%,50.6%,779000,-76000 ( -8.9% ),82,-7 ( -7.9% ),539222321,65847,50
2016-08-29,1,0.0%,2,0%,144,0.0%,31.9%,407000,-372000 ( -47.8% ),46,-36 ( -43.9% ),539629321,65893,56
2016-08-30,2,0.0%,3,0%,234,0.0%,39.3%,722000,315000 ( 77.4% ),92,46 ( 100.0% ),540351321,65985,53
2016-08-31,3,0.0%,4,0%,446,0.0%,13.5%,476500,-245500 ( -34.0% ),60,-32 ( -34.8% ),540827821,66045,67
2016-09-01,1,0.0%,1,0%,72,0.0%,36.1%,230000,-246500 ( -51.7% ),26,-34 ( -56.7% ),541057821,66071,74
2016-09-02,2,0.0%,2,0%,162,0.0%,25.3%,403000,173000 ( 75.2% ),41,15 ( 57.7% ),541460821,66112,69
2016-09-03,2,0.0%,2,0%,162,0.0%,37.7%,600000,197000 ( 48.9% ),61,20 ( 48.8% ),542060821,66173,74
2016-09-04,1,0.0%,1,0%,72,0.0%,58.3%,418000,-182000 ( -30.3% ),42,-19 ( -31.1% ),542478821,66215,76
2016-09-05,1,0.0%,1,0%,72,0.0%,33.3%,216000,-202000 ( -48.3% ),24,-18 ( -42.9% ),542694821,66239,64
2016-09-06,1,0.0%,1,0%,72,0.0%,20.8%,135000,-81000 ( -37.5% ),15,-9 ( -37.5% ),542829821,66254,86
2016-09-07,1,0.0%,1,0%,72,0.0%,29.2%,188000,53000 ( 39.3% ),21,6 ( 40.0% ),543017821,66275,74
2016-09-08,1,0.0%,1,0%,72,0.0%,31.9%,207000,19000 ( 10.1% ),23,2 ( 9.5% ),543224821,66298,69
2016-09-09,2,0.0%,2,0%,162,0.0%,27.8%,433000,226000 ( 109.2% ),45,22 ( 95.7% ),543657821,66343,62
2016-09-10,1,0.0%,1,0%,72,0.0%,83.3%,594000,161000 ( 37.2% ),60,15 ( 33.3% ),544251821,66403,63
2016-09-11,1,0.0%,1,0%,72,0.0%,65.3%,464000,-130000 ( -21.9% ),47,-13 ( -21.7% ),544715821,66450,68
2016-09-12,1,0.0%,1,0%,72,0.0%,31.9%,201000,-263000 ( -56.7% ),23,-24 ( -51.1% ),544916821,66473,74
2017-03-04,1,0.0%,1,0%,76,0.0%,100.0%,380000,380000 ( 100.0% ),76,76 ( 100.0% ),545296821,66549,53
