날짜,스크린수,스크린점유율,상영횟수,상영점유율,좌석수,좌석점유율,좌석판매율,매출액,매출액증감(전일대비),관객수,관객수증감(전일대비),누적매출액,누적관객수,순위
2017-12-02,1,0.0%,1,0%,202,0.0%,70.3%,993000,993000 ( 100.0% ),142,142 ( 100.0% ),993000,142,43
2017-12-05,1,0.0%,1,0%,160,0.0%,76.3%,797500,797500 ( 100.0% ),122,122 ( 100.0% ),1790500,264,52
2018-02-21,2,0.0%,2,0%,150,0.0%,100.0%,1200000,1200000 ( 100.0% ),150,150 ( 100.0% ),2990500,414,44
2018-02-23,1,0.0%,1,0%,76,0.0%,100.0%,380000,380000 ( 100.0% ),76,76 ( 100.0% ),3370500,490,57
2018-03-12,1,0.0%,2,0%,494,0.0%,75.1%,3339000,3339000 ( 100.0% ),371,371 ( 100.0% ),6709500,861,22
2018-03-20,5,0.1%,6,0%,675,0.0%,75.9%,3535000,3535000 ( 100.0% ),512,512 ( 100.0% ),10244500,1373,20
2018-03-22,259,4.9%,618,3.7%,75508,2.8%,5.9%,33201800,33201800 ( 100.0% ),4421,4421 ( 100.0% ),43446300,5794,7
2018-03-23,254,4.6%,599,3.4%,72398,2.6%,6.2%,37479600,4277800 ( 12.9% ),4489,68 ( 1.5% ),80925900,10283,7
2018-03-24,262,4.3%,549,2.9%,64431,2.2%,9.8%,54635100,17155500 ( 45.8% ),6328,1839 ( 41.0% ),135561000,16611,10
2018-03-25,255,4.2%,512,2.8%,59788,2.1%,9.9%,49941300,-4693800 ( -8.6% ),5934,-394 ( -6.2% ),185502300,22545,10
2018-03-26,284,5.5%,577,3.6%,67397,2.6%,6.1%,30866300,-19075000 ( -38.2% ),4129,-1805 ( -30.4% ),216368600,26674,6
2018-03-27,282,5.3%,577,3.6%,67333,2.6%,5.9%,29882900,-983400 ( -3.2% ),3968,-161 ( -3.9% ),246251500,30642,6
2018-03-28,115,2.2%,153,0.9%,18615,0.7%,14.0%,15173800,-14709100 ( -49.2% ),2598,-1370 ( -34.5% ),261425300,33240,10
2018-03-29,88,1.7%,150,0.9%,17711,0.7%,8.0%,10832400,-4341400 ( -28.6% ),1411,-1187 ( -45.7% ),272257700,34651,10
2018-03-30,88,1.7%,161,0.9%,19060,0.7%,9.0%,14249400,3417000 ( 31.5% ),1723,312 ( 22.1% ),286507100,36374,9
2018-03-31,82,1.5%,153,0.8%,18021,0.6%,17.4%,26769100,12519700 ( 87.9% ),3137,1414 ( 82.1% ),313276200,39511,10
2018-04-01,81,1.5%,149,0.8%,17604,0.6%,16.1%,24119200,-2649900 ( -9.9% ),2835,-302 ( -9.6% ),337395400,42346,9
2018-04-02,83,1.8%,149,0.9%,17028,0.6%,7.4%,9363600,-14755600 ( -61.2% ),1259,-1576 ( -55.6% ),346759000,43605,10
2018-04-03,86,1.7%,154,0.9%,18098,0.7%,6.7%,8722400,-641200 ( -6.8% ),1214,-45 ( -3.6% ),355481400,44819,14
2018-04-04,72,1.5%,130,0.8%,14802,0.5%,8.4%,9543900,821500 ( 9.4% ),1241,27 ( 2.2% ),365025300,46060,11
2018-04-05,45,0.9%,64,0.4%,7136,0.2%,9.0%,4881200,-4662700 ( -48.9% ),642,-599 ( -48.3% ),369906500,46702,15
2018-04-06,42,0.8%,66,0.4%,6304,0.2%,12.1%,6474300,1593100 ( 32.6% ),761,119 ( 18.5% ),376380800,47463,14
2018-04-07,44,0.7%,67,0.3%,6861,0.2%,20.1%,11942300,5468000 ( 84.5% ),1381,620 ( 81.5% ),388323100,48844,14
2018-04-08,40,0.7%,64,0.3%,5972,0.2%,20.3%,10470800,-1471500 ( -12.3% ),1213,-168 ( -12.2% ),398793900,50057,14
2018-04-09,44,0.9%,64,0.4%,7058,0.3%,8.5%,4669800,-5801000 ( -55.4% ),600,-613 ( -50.5% ),403463700,50657,14
2018-04-10,46,0.9%,71,0.4%,7530,0.3%,8.4%,4807000,137200 ( 2.9% ),634,34 ( 5.7% ),408270700,51291,12
2018-04-11,45,0.9%,65,0.4%,6885,0.2%,8.7%,4726900,-80100 ( -1.7% ),598,-36 ( -5.7% ),412997600,51889,14
2018-04-12,32,0.6%,38,0.2%,3886,0.1%,7.8%,2390600,-2336300 ( -49.4% ),305,-293 ( -49.0% ),415388200,52194,25
2018-04-13,36,0.6%,44,0.2%,4900,0.2%,8.9%,3772300,1381700 ( 57.8% ),435,130 ( 42.6% ),419160500,52629,23
2018-04-14,33,0.5%,42,0.2%,3883,0.1%,21.3%,7361200,3588900 ( 95.1% ),826,391 ( 89.9% ),426521700,53455,24
2018-04-15,32,0.5%,42,0.2%,4639,0.1%,12.9%,5308200,-2053000 ( -27.9% ),600,-226 ( -27.4% ),431829900,54055,25
2018-04-16,29,0.5%,41,0.2%,4319,0.2%,6.1%,2029600,-3278600 ( -61.8% ),263,-337 ( -56.2% ),433859500,54318,24
2018-04-17,32,0.6%,41,0.2%,4494,0.2%,6.9%,2435600,406000 ( 20.0% ),312,49 ( 18.6% ),436295100,54630,23
2018-04-18,29,0.5%,39,0.2%,4146,0.1%,7.5%,2365000,-70600 ( -2.9% ),309,-3 ( -1.0% ),438660100,54939,23
2018-04-19,14,0.2%,18,0.1%,1591,0.1%,9.9%,1290500,-1074500 ( -45.4% ),158,-151 ( -48.9% ),439950600,55097,43
2018-04-20,16,0.3%,18,0.1%,2454,0.1%,13.4%,2959000,1668500 ( 129.3% ),328,170 ( 107.6% ),442909600,55425,32
2018-04-21,17,0.2%,19,0.1%,1362,0.0%,21.7%,2589100,-369900 ( -12.5% ),296,-32 ( -9.8% ),445498700,55721,43
2018-04-22,12,0.2%,17,0.1%,1903,0.1%,15.6%,2682200,93100 ( 3.6% ),297,1 ( 0.3% ),448180900,56018,37
2018-04-23,15,0.2%,18,0.1%,1482,0.1%,10.9%,1290300,-1391900 ( -51.9% ),162,-135 ( -45.5% ),449471200,56180,37
2018-04-24,15,0.2%,19,0.1%,1382,0.1%,10.6%,1186900,-103400 ( -8.0% ),146,-16 ( -9.9% ),450658100,56326,44
2018-04-25,10,0.2%,12,0.1%,1665,0.1%,7.9%,932500,-254400 ( -21.4% ),131,-15 ( -10.3% ),451590600,56457,32
2018-04-26,7,0.1%,9,0.1%,663,0.0%,12.4%,675500,-257000 ( -27.6% ),82,-49 ( -37.4% ),452266100,56539,53
2018-04-27,7,0.1%,8,0%,1382,0.1%,7.0%,831000,155500 ( 23.0% ),97,15 ( 18.3% ),453097100,56636,40
2018-04-28,7,0.1%,9,0.1%,873,0.0%,25.4%,1796000,965000 ( 116.1% ),222,125 ( 128.9% ),454893100,56858,34
2018-04-29,6,0.1%,7,0%,1323,0.1%,10.4%,1195000,-601000 ( -33.5% ),138,-84 ( -37.8% ),456088100,56996,41
2018-04-30,7,0.1%,9,0.1%,919,0.0%,15.6%,1137000,-58000 ( -4.9% ),143,5 ( 3.6% ),457225100,57139,35
2018-05-01,7,0.1%,9,0.1%,503,0.0%,33.8%,1343000,206000 ( 18.1% ),170,27 ( 18.9% ),458568100,57309,37
2018-05-02,9,0.2%,12,0.1%,826,0.0%,21.2%,1394100,51100 ( 3.8% ),175,5 ( 2.9% ),459962200,57484,32
2018-05-03,4,0.1%,4,0%,467,0.0%,5.8%,213000,-1181100 ( -84.7% ),27,-148 ( -84.6% ),460175200,57511,71
2018-05-04,4,0.1%,4,0%,467,0.0%,6.9%,252800,39800 ( 18.7% ),32,5 ( 18.5% ),460428000,57543,62
2018-05-05,6,0.1%,6,0%,600,0.0%,18.0%,861500,608700 ( 240.8% ),108,76 ( 237.5% ),461289500,57651,39
2018-05-06,6,0.1%,8,0%,631,0.0%,22.7%,1189100,327600 ( 38.0% ),143,35 ( 32.4% ),462478600,57794,38
2018-05-07,6,0.1%,9,0.1%,666,0.0%,15.6%,899100,-290000 ( -24.4% ),104,-39 ( -27.3% ),463377700,57898,40
2018-05-08,9,0.2%,12,0.1%,996,0.0%,8.4%,638100,-261000 ( -29.0% ),84,-20 ( -19.2% ),464015800,57982,35
2018-05-09,7,0.2%,9,0.1%,665,0.0%,5.3%,286800,-351300 ( -55.1% ),35,-49 ( -58.3% ),464302600,58017,58
2018-05-10,3,0.1%,3,0%,543,0.0%,1.5%,57000,-229800 ( -80.1% ),8,-27 ( -77.1% ),464359600,58025,75
2018-05-11,5,0.1%,5,0%,560,0.0%,5.7%,288500,231500 ( 406.1% ),32,24 ( 300.0% ),464648100,58057,53
2018-05-12,3,0.1%,3,0%,378,0.0%,4.5%,149600,-138900 ( -48.1% ),17,-15 ( -46.9% ),464797700,58074,75
2018-05-13,5,0.1%,5,0%,538,0.0%,10.2%,420500,270900 ( 181.1% ),55,38 ( 223.5% ),465218200,58129,47
2018-05-14,5,0.1%,6,0%,520,0.0%,6.7%,292500,-128000 ( -30.4% ),35,-20 ( -36.4% ),465510700,58164,52
2018-05-15,4,0.1%,6,0%,547,0.0%,5.3%,248000,-44500 ( -15.2% ),29,-6 ( -17.1% ),465758700,58193,59
2018-05-16,4,0.1%,5,0%,312,0.0%,12.5%,272000,24000 ( 9.7% ),39,10 ( 34.5% ),466030700,58232,45
2018-05-17,1,0.0%,1,0%,50,0.0%,4.0%,17000,-255000 ( -93.8% ),2,-37 ( -94.9% ),466047700,58234,94
2018-05-18,5,0.1%,5,0%,545,0.0%,11.0%,382000,365000 ( 2147.1% ),60,58 ( 2900.0% ),466429700,58294,48
2018-05-19,2,0.0%,2,0%,335,0.0%,7.2%,189000,-193000 ( -50.5% ),24,-36 ( -60.0% ),466618700,58318,71
2018-05-20,4,0.1%,5,0%,490,0.0%,11.2%,421000,232000 ( 122.8% ),55,31 ( 129.2% ),467039700,58373,48
2018-05-21,3,0.1%,3,0%,440,0.0%,5.7%,173000,-248000 ( -58.9% ),25,-30 ( -54.5% ),467212700,58398,62
2018-05-22,4,0.1%,5,0%,490,0.0%,6.1%,220000,47000 ( 27.2% ),30,5 ( 20.0% ),467432700,58428,62
2018-05-23,4,0.1%,4,0%,417,0.0%,2.2%,74000,-146000 ( -66.4% ),9,-21 ( -70.0% ),467506700,58437,80
2018-05-24,2,0.0%,3,0%,205,0.0%,3.4%,51000,-23000 ( -31.1% ),7,-2 ( -22.2% ),467557700,58444,80
2018-05-25,1,0.0%,1,0%,210,0.0%,4.3%,72000,21000 ( 41.2% ),9,2 ( 28.6% ),467629700,58453,77
2018-05-26,1,0.0%,1,0%,210,0.0%,7.1%,119000,47000 ( 65.3% ),15,6 ( 66.7% ),467748700,58468,79
2018-05-27,1,0.0%,1,0%,210,0.0%,10.5%,174000,55000 ( 46.2% ),22,7 ( 46.7% ),467922700,58490,63
2018-05-29,2,0.0%,2,0%,315,0.0%,1.6%,36000,36000 ( 100.0% ),5,5 ( 100.0% ),467958700,58495,76
2018-05-30,1,0.0%,1,0%,210,0.0%,17.6%,296000,260000 ( 722.2% ),37,32 ( 640.0% ),468254700,58532,55
2018-06-01,2,0.0%,2,0%,265,0.0%,23.8%,451000,451000 ( 100.0% ),63,63 ( 100.0% ),468705700,58595,48
2018-06-02,1,0.0%,1,0%,210,0.0%,13.8%,232000,-219000 ( -48.6% ),29,-34 ( -54.0% ),468937700,58624,66
2018-06-03,2,0.0%,2,0%,315,0.0%,8.6%,208000,-24000 ( -10.3% ),27,-2 ( -6.9% ),469145700,58651,68
2018-06-06,1,0.0%,1,0%,55,0.0%,30.9%,119000,119000 ( 100.0% ),17,17 ( 100.0% ),469264700,58668,77
2018-06-11,1,0.0%,1,0%,105,0.0%,2.9%,17000,17000 ( 100.0% ),3,3 ( 100.0% ),469281700,58671,83
2018-06-15,1,0.0%,1,0%,210,0.0%,2.9%,48000,48000 ( 100.0% ),6,6 ( 100.0% ),469329700,58677,81
2018-06-16,1,0.0%,1,0%,210,0.0%,10.0%,168000,120000 ( 250.0% ),21,15 ( 250.0% ),469497700,58698,68
2018-06-17,2,0.0%,2,0%,265,0.0%,10.9%,215000,47000 ( 28.0% ),29,8 ( 38.1% ),469712700,58727,56
2018-06-20,1,0.0%,1,0%,210,0.0%,1.4%,24000,24000 ( 100.0% ),3,3 ( 100.0% ),469736700,58730,87
2018-06-22,2,0.0%,2,0%,1051,0.0%,1.2%,92000,92000 ( 100.0% ),13,13 ( 100.0% ),469828700,58743,71
2018-06-23,1,0.0%,1,0%,105,0.0%,2.9%,16000,-76000 ( -82.6% ),3,-10 ( -76.9% ),469844700,58746,89
2018-06-24,3,0.0%,3,0%,678,0.0%,7.1%,328000,312000 ( 1950.0% ),48,45 ( 1500.0% ),470172700,58794,47
2018-06-25,1,0.0%,1,0%,105,0.0%,1.9%,12000,-316000 ( -96.3% ),2,-46 ( -95.8% ),470184700,58796,85
2018-06-26,1,0.0%,1,0%,105,0.0%,4.8%,27000,15000 ( 125.0% ),5,3 ( 150.0% ),470211700,58801,79
2018-06-28,1,0.0%,1,0%,55,0.0%,18.2%,70000,70000 ( 100.0% ),10,10 ( 100.0% ),470281700,58811,81
2018-06-29,1,0.0%,1,0%,105,0.0%,4.8%,27000,-43000 ( -61.4% ),5,-5 ( -50.0% ),470308700,58816,101
2018-06-30,1,0.0%,1,0%,210,0.0%,6.7%,112000,85000 ( 314.8% ),14,9 ( 180.0% ),470420700,58830,88
2018-07-01,1,0.0%,1,0%,55,0.0%,7.3%,28000,-84000 ( -75.0% ),4,-10 ( -71.4% ),470448700,58834,87
2018-07-05,1,0.0%,1,0%,134,0.0%,100.0%,1072000,1072000 ( 100.0% ),134,134 ( 100.0% ),471520700,58968,34
2018-07-07,2,0.0%,2,0%,315,0.0%,2.9%,68000,68000 ( 100.0% ),9,9 ( 100.0% ),471588700,58977,85
2018-07-08,1,0.0%,1,0%,55,0.0%,12.7%,49000,-19000 ( -27.9% ),7,-2 ( -22.2% ),471637700,58984,82
2018-07-09,1,0.0%,1,0%,105,0.0%,1.0%,6000,-43000 ( -87.8% ),1,-6 ( -85.7% ),471643700,58985,89
2018-07-10,1,0.0%,1,0%,125,0.0%,0.0%,0,-6000 ( -100.0% ),0,-1 ( -100.0% ),471643700,58985,109
2018-07-11,1,0.0%,1,0%,210,0.0%,5.2%,88000,88000 ( 100.0% ),11,11 ( 100.0% ),471731700,58996,90
2018-07-14,1,0.0%,1,0%,210,0.0%,10.0%,167000,167000 ( 100.0% ),21,21 ( 100.0% ),471898700,59017,79
2018-07-15,2,0.0%,2,0%,160,0.0%,5.0%,51000,-116000 ( -69.5% ),8,-13 ( -61.9% ),471949700,59025,81
2018-07-18,1,0.0%,1,0%,210,0.0%,4.3%,72000,72000 ( 100.0% ),9,9 ( 100.0% ),472021700,59034,87
2018-07-21,1,0.0%,1,0%,105,0.0%,2.9%,18000,18000 ( 100.0% ),3,3 ( 100.0% ),472039700,59037,112
2018-07-27,1,0.0%,1,0%,105,0.0%,16.2%,85000,85000 ( 100.0% ),17,17 ( 100.0% ),472124700,59054,68
2018-07-29,1,0.0%,1,0%,55,0.0%,3.6%,14000,14000 ( 100.0% ),2,2 ( 100.0% ),472138700,59056,83
2018-08-03,1,0.0%,1,0%,105,0.0%,5.7%,34000,34000 ( 100.0% ),6,6 ( 100.0% ),472172700,59062,80
2018-08-04,1,0.0%,1,0%,105,0.0%,2.9%,18000,-16000 ( -47.1% ),3,-3 ( -50.0% ),472190700,59065,78
2018-08-05,2,0.0%,2,0%,160,0.0%,1.9%,19000,1000 ( 5.6% ),3,0 ( 0.0% ),472209700,59068,71
2018-08-21,1,0.0%,1,0%,55,0.0%,100.0%,330000,330000 ( 100.0% ),55,55 ( 100.0% ),472539700,59123,61
2018-08-26,1,0.0%,1,0%,55,0.0%,3.6%,14000,14000 ( 100.0% ),2,2 ( 100.0% ),472553700,59125,101
2018-09-12,1,0.0%,1,0%,130,0.0%,13.8%,120000,120000 ( 100.0% ),18,18 ( 100.0% ),472673700,59143,77
2018-10-15,1,0.0%,1,0%,72,0.0%,44.4%,284000,284000 ( 100.0% ),32,32 ( 100.0% ),472957700,59175,59
2018-11-05,1,0.0%,1,0%,50,0.0%,2.0%,8000,8000 ( 100.0% ),1,1 ( 100.0% ),472965700,59176,112
2018-11-07,1,0.0%,1,0%,50,0.0%,2.0%,9000,9000 ( 100.0% ),1,1 ( 100.0% ),472974700,59177,113
2018-11-08,1,0.0%,1,0%,103,0.0%,58.3%,360000,351000 ( 3900.0% ),60,59 ( 5900.0% ),473334700,59237,64
2018-11-12,1,0.0%,1,0%,50,0.0%,8.0%,36000,36000 ( 100.0% ),4,4 ( 100.0% ),473370700,59241,78
2018-11-15,2,0.0%,2,0%,135,0.0%,4.4%,53000,53000 ( 100.0% ),6,6 ( 100.0% ),473423700,59247,100
2018-11-18,1,0.0%,1,0%,85,0.0%,0.0%,0,0 ( 0.0% ),0,0 ( 0.0% ),473423700,59247,127
2018-11-20,1,0.0%,1,0%,50,0.0%,6.0%,27000,27000 ( 100.0% ),3,3 ( 100.0% ),473450700,59250,111
2018-11-21,1,0.0%,1,0%,130,0.0%,17.7%,141000,114000 ( 422.2% ),23,20 ( 666.7% ),473591700,59273,93
2018-12-08,1,0.0%,1,0%,212,0.0%,0.0%,0,0 ( 0.0% ),0,0 ( 0.0% ),473591700,59273,115
2018-12-10,1,0.0%,1,0%,40,0.0%,15.0%,53000,53000 ( 100.0% ),6,6 ( 100.0% ),473644700,59279,96
2018-12-11,1,0.0%,1,0%,40,0.0%,15.0%,52000,-1000 ( -1.9% ),6,0 ( 0.0% ),473696700,59285,106
2018-12-12,1,0.0%,1,0%,40,0.0%,12.5%,45000,-7000 ( -13.5% ),5,-1 ( -16.7% ),473741700,59290,93
2018-12-13,1,0.0%,1,0%,40,0.0%,12.5%,44000,-1000 ( -2.2% ),5,0 ( 0.0% ),473785700,59295,105
2018-12-15,1,0.0%,1,0%,40,0.0%,17.5%,62000,62000 ( 100.0% ),7,7 ( 100.0% ),473847700,59302,93
2018-12-16,1,0.0%,1,0%,40,0.0%,30.0%,115000,53000 ( 85.5% ),12,5 ( 71.4% ),473962700,59314,86
2018-12-17,1,0.0%,1,0%,40,0.0%,12.5%,30000,-85000 ( -73.9% ),5,-7 ( -58.3% ),473992700,59319,93
2018-12-19,1,0.0%,1,0%,40,0.0%,15.0%,54000,54000 ( 100.0% ),6,6 ( 100.0% ),474046700,59325,93
2018-12-20,1,0.0%,1,0%,40,0.0%,45.0%,148000,94000 ( 174.1% ),18,12 ( 200.0% ),474194700,59343,83
2018-12-23,2,0.0%,2,0%,302,0.0%,5.0%,88000,88000 ( 100.0% ),15,15 ( 100.0% ),474282700,59358,76
2018-12-26,1,0.0%,1,0%,40,0.0%,40.0%,144000,144000 ( 100.0% ),16,16 ( 100.0% ),474426700,59374,74
2018-12-31,1,0.0%,1,0%,55,0.0%,0.0%,0,0 ( 0.0% ),0,0 ( 0.0% ),474426700,59374,100
2019-01-16,1,0.0%,1,0%,118,0.0%,87.3%,1111000,1111000 ( 100.0% ),103,103 ( 100.0% ),475537700,59477,45
2019-01-22,1,0.0%,1,0%,70,0.0%,7.1%,25500,25500 ( 100.0% ),5,5 ( 100.0% ),475563200,59482,81
2019-02-16,1,0.0%,1,0%,210,0.0%,3.8%,64000,64000 ( 100.0% ),8,8 ( 100.0% ),475627200,59490,72
2019-04-22,1,0.0%,1,0%,36,0.0%,47.2%,85000,85000 ( 100.0% ),17,17 ( 100.0% ),475712200,59507,70
2019-05-15,1,0.0%,1,0%,98,0.0%,15.3%,65000,65000 ( 100.0% ),15,15 ( 100.0% ),475777200,59522,70
2019-05-19,1,0.0%,1,0%,98,0.0%,55.1%,240000,240000 ( 100.0% ),54,54 ( 100.0% ),476017200,59576,45
2019-06-26,1,0.0%,1,0%,95,0.0%,100.0%,475000,475000 ( 100.0% ),95,95 ( 100.0% ),476492200,59671,44
2019-08-27,1,0.0%,1,0%,58,0.0%,20.7%,88000,88000 ( 100.0% ),12,12 ( 100.0% ),476580200,59683,85
2019-10-16,1,0.0%,1,0%,103,0.0%,1.9%,13000,13000 ( 100.0% ),2,2 ( 100.0% ),476593200,59685,96
