날짜,스크린수,스크린점유율,상영횟수,상영점유율,좌석수,좌석점유율,좌석판매율,매출액,매출액증감(전일대비),관객수,관객수증감(전일대비),누적매출액,누적관객수,순위
2018-04-26,3,0.1%,3,0%,707,0.0%,98.3%,5528000,5528000 ( 100.0% ),695,695 ( 100.0% ),5528000,695,16
2018-04-30,11,0.2%,11,0.1%,2882,0.1%,95.8%,24546000,24546000 ( 100.0% ),2760,2760 ( 100.0% ),30074000,3455,7
2018-05-01,795,16.9%,3892,22.9%,531042,19.9%,26.4%,1101385100,1076839100 ( 4387.0% ),139965,137205 ( 4971.2% ),1131459100,143420,2
2018-05-02,816,18.5%,3921,24%,541423,21.0%,11.6%,499955400,-601429700 ( -54.6% ),62830,-77135 ( -55.1% ),1631414500,206250,2
2018-05-03,815,17.6%,3697,22.9%,510061,19.9%,10.6%,431615800,-68339600 ( -13.7% ),54305,-8525 ( -13.6% ),2063030300,260555,2
2018-05-04,812,16.5%,3701,21.9%,503069,18.9%,15.0%,648677347,217061547 ( 50.3% ),75687,21382 ( 39.4% ),2711707647,336242,2
2018-05-05,806,14.3%,3275,17.9%,438482,15.4%,38.8%,1479287840,830610493 ( 128.0% ),170126,94439 ( 124.8% ),4190995487,506368,2
2018-05-06,839,15.0%,3452,19.2%,462615,16.5%,42.1%,1713453600,234165760 ( 15.8% ),194847,24721 ( 14.5% ),5904449087,701215,2
2018-05-07,874,15.9%,3580,20.6%,484079,17.9%,30.5%,1268328400,-445125200 ( -26.0% ),147452,-47395 ( -24.3% ),7172777487,848667,2
2018-05-08,822,17.8%,3644,23.7%,493600,20.2%,8.6%,333931200,-934397200 ( -73.7% ),42277,-105175 ( -71.3% ),7506708687,890944,2
2018-05-09,626,14.9%,2405,15.1%,304246,12.0%,7.3%,175946400,-157984800 ( -47.3% ),22102,-20175 ( -47.7% ),7682655087,913046,3
2018-05-10,601,13.8%,2176,13.7%,278149,11.0%,6.2%,136060900,-39885500 ( -22.7% ),17225,-4877 ( -22.1% ),7818715987,930271,3
2018-05-11,631,14.1%,2297,13.9%,293014,11.2%,8.1%,202266826,66205926 ( 48.7% ),23799,6574 ( 38.2% ),8020982813,954070,3
2018-05-12,638,12.5%,2333,13%,294743,10.5%,20.2%,522802817,320535991 ( 158.5% ),59670,35871 ( 150.7% ),8543785630,1013740,3
2018-05-13,633,12.5%,2290,13.1%,290386,10.6%,18.5%,470159500,-52643317 ( -10.1% ),53814,-5856 ( -9.8% ),9013945130,1067554,3
2018-05-14,584,13.8%,2029,13.5%,260174,10.8%,5.1%,105159800,-364999700 ( -77.6% ),13166,-40648 ( -75.5% ),9119104930,1080720,3
2018-05-15,601,13.5%,2037,13.4%,258541,10.7%,6.0%,116332100,11172300 ( 10.6% ),15443,2277 ( 17.3% ),9235437030,1096163,3
2018-05-16,379,7.6%,807,5%,98674,3.8%,6.6%,49681900,-66650200 ( -57.3% ),6550,-8893 ( -57.6% ),9285118930,1102713,4
2018-05-17,196,3.8%,301,1.8%,34499,1.3%,10.4%,23165300,-26516600 ( -53.4% ),3595,-2955 ( -45.1% ),9308284230,1106308,7
2018-05-18,175,3.3%,284,1.6%,31994,1.2%,11.9%,26795900,3630600 ( 15.7% ),3814,219 ( 6.1% ),9335080130,1110122,7
2018-05-19,156,2.7%,235,1.3%,26177,0.9%,14.9%,31692100,4896200 ( 18.3% ),3898,84 ( 2.2% ),9366772230,1114020,9
2018-05-20,152,2.6%,229,1.3%,25234,0.9%,13.9%,29195400,-2496700 ( -7.9% ),3519,-379 ( -9.7% ),9395967630,1117539,9
2018-05-21,165,3.0%,265,1.5%,29931,1.1%,11.5%,25137100,-4058300 ( -13.9% ),3453,-66 ( -1.9% ),9421104730,1120992,7
2018-05-22,64,1.1%,79,0.4%,8152,0.3%,17.6%,10795200,-14341900 ( -57.1% ),1437,-2016 ( -58.4% ),9431899930,1122429,12
2018-05-23,60,1.2%,67,0.4%,6711,0.2%,8.1%,3285500,-7509700 ( -69.6% ),545,-892 ( -62.1% ),9435185430,1122974,14
2018-05-24,53,1.0%,54,0.3%,5415,0.2%,16.5%,5172300,1886800 ( 57.4% ),894,349 ( 64.0% ),9440357730,1123868,11
2018-05-25,49,0.9%,54,0.3%,5362,0.2%,14.4%,5485900,313600 ( 6.1% ),771,-123 ( -13.8% ),9445843630,1124639,10
2018-05-26,46,0.8%,49,0.3%,4963,0.2%,16.4%,5367800,-118100 ( -2.2% ),814,43 ( 5.6% ),9451211430,1125453,16
2018-05-27,40,0.7%,43,0.2%,4326,0.1%,9.1%,2645500,-2722300 ( -50.7% ),395,-419 ( -51.5% ),9453856930,1125848,21
2018-05-28,41,0.8%,42,0.3%,4027,0.2%,7.2%,1703500,-942000 ( -35.6% ),288,-107 ( -27.1% ),9455560430,1126136,19
2018-05-29,43,0.8%,45,0.3%,4812,0.2%,14.3%,3692800,1989300 ( 116.8% ),690,402 ( 139.6% ),9459253230,1126826,11
2018-05-30,6,0.1%,6,0%,588,0.0%,68.9%,1972000,-1720800 ( -46.6% ),405,-285 ( -41.3% ),9461225230,1127231,26
2018-05-31,5,0.1%,5,0%,610,0.0%,80.0%,2555000,583000 ( 29.6% ),488,83 ( 20.5% ),9463780230,1127719,24
2018-06-01,2,0.0%,2,0%,203,0.0%,93.1%,1490000,-1065000 ( -41.7% ),189,-299 ( -61.3% ),9465270230,1127908,27
2018-06-02,1,0.0%,1,0%,60,0.0%,5.0%,20000,-1470000 ( -98.7% ),3,-186 ( -98.4% ),9465290230,1127911,88
2018-06-04,1,0.0%,1,0%,131,0.0%,100.0%,917000,917000 ( 100.0% ),131,131 ( 100.0% ),9466207230,1128042,32
2018-06-05,1,0.0%,1,0%,126,0.0%,20.6%,182000,-735000 ( -80.2% ),26,-105 ( -80.2% ),9466389230,1128068,78
2018-06-07,1,0.0%,1,0%,189,0.0%,74.1%,840000,840000 ( 100.0% ),140,140 ( 100.0% ),9467229230,1128208,35
2018-06-09,2,0.0%,2,0%,224,0.0%,100.0%,1850000,1850000 ( 100.0% ),224,224 ( 100.0% ),9469079230,1128432,27
2018-06-14,1,0.0%,1,0%,102,0.0%,84.3%,434000,434000 ( 100.0% ),86,86 ( 100.0% ),9469513230,1128518,38
2018-06-15,1,0.0%,1,0%,102,0.0%,87.3%,446000,12000 ( 2.8% ),89,3 ( 3.5% ),9469959230,1128607,41
2018-06-16,1,0.0%,1,0%,86,0.0%,100.0%,774000,328000 ( 73.5% ),86,-3 ( -3.4% ),9470733230,1128693,42
2018-07-12,1,0.0%,1,0%,120,0.0%,67.5%,405000,405000 ( 100.0% ),81,81 ( 100.0% ),9471138230,1128774,56
